#2024-07-15 15:12:57.503061, Temp:  25.9°C, Humi: 54.5 %
Sourced_voltage,Channel_Current
-1.5,+7.735080E-04
-1.5,+7.735080E-04
-1.5,+7.735040E-04
-1.5,+7.735180E-04
-1.5,+7.735150E-04
-1.5,+7.735270E-04
-1.5,+7.735220E-04
-1.5,+7.735290E-04
-1.5,+7.735410E-04
-1.5,+7.735160E-04
-1.4,+6.900570E-04
-1.4,+6.900720E-04
-1.4,+6.900680E-04
-1.4,+6.900570E-04
-1.4,+6.900650E-04
-1.4,+6.900640E-04
-1.4,+6.900700E-04
-1.4,+6.900500E-04
-1.4,+6.900720E-04
-1.4,+6.900720E-04
-1.3,+6.070000E-04
-1.3,+6.070080E-04
-1.3,+6.070030E-04
-1.3,+6.070210E-04
-1.3,+6.070090E-04
-1.3,+6.070170E-04
-1.3,+6.070020E-04
-1.3,+6.070060E-04
-1.3,+6.070010E-04
-1.3,+6.070230E-04
-1.2,+5.244950E-04
-1.2,+5.244810E-04
-1.2,+5.244880E-04
-1.2,+5.244820E-04
-1.2,+5.244850E-04
-1.2,+5.244840E-04
-1.2,+5.244870E-04
-1.2,+5.244860E-04
-1.2,+5.244780E-04
-1.2,+5.244820E-04
-1.1,+4.426700E-04
-1.1,+4.426670E-04
-1.1,+4.426690E-04
-1.1,+4.426710E-04
-1.1,+4.426610E-04
-1.1,+4.426580E-04
-1.1,+4.426710E-04
-1.1,+4.426630E-04
-1.1,+4.426590E-04
-1.1,+4.426610E-04
-1.0,+3.618020E-04
-1.0,+3.617760E-04
-1.0,+3.617880E-04
-1.0,+3.617770E-04
-1.0,+3.617870E-04
-1.0,+3.617810E-04
-1.0,+3.617900E-04
-1.0,+3.617910E-04
-1.0,+3.617870E-04
-1.0,+3.617830E-04
-0.8999999999999999,+2.822900E-04
-0.8999999999999999,+2.823030E-04
-0.8999999999999999,+2.822930E-04
-0.8999999999999999,+2.822990E-04
-0.8999999999999999,+2.822990E-04
-0.8999999999999999,+2.822840E-04
-0.8999999999999999,+2.823060E-04
-0.8999999999999999,+2.822860E-04
-0.8999999999999999,+2.822990E-04
-0.8999999999999999,+2.822850E-04
-0.7999999999999999,+2.049580E-04
-0.7999999999999999,+2.049640E-04
-0.7999999999999999,+2.049630E-04
-0.7999999999999999,+2.049640E-04
-0.7999999999999999,+2.049600E-04
-0.7999999999999999,+2.049670E-04
-0.7999999999999999,+2.049590E-04
-0.7999999999999999,+2.049590E-04
-0.7999999999999999,+2.049750E-04
-0.7999999999999999,+2.049730E-04
-0.7,+1.314090E-04
-0.7,+1.313940E-04
-0.7,+1.314030E-04
-0.7,+1.314070E-04
-0.7,+1.314100E-04
-0.7,+1.314020E-04
-0.7,+1.314080E-04
-0.7,+1.313990E-04
-0.7,+1.314150E-04
-0.7,+1.314040E-04
-0.6,+6.540840E-05
-0.6,+6.548430E-05
-0.6,+6.549140E-05
-0.6,+6.548210E-05
-0.6,+6.549840E-05
-0.6,+6.548240E-05
-0.6,+6.548300E-05
-0.6,+6.549170E-05
-0.6,+6.547950E-05
-0.6,+6.549180E-05
-0.5,+1.792210E-05
-0.5,+1.792050E-05
-0.5,+1.792480E-05
-0.5,+1.792360E-05
-0.5,+1.792180E-05
-0.5,+1.792430E-05
-0.5,+1.792210E-05
-0.5,+1.792590E-05
-0.5,+1.791800E-05
-0.5,+1.792660E-05
-0.3999999999999999,+1.806720E-06
-0.3999999999999999,+1.807200E-06
-0.3999999999999999,+1.807470E-06
-0.3999999999999999,+1.806920E-06
-0.3999999999999999,+1.807320E-06
-0.3999999999999999,+1.806900E-06
-0.3999999999999999,+1.807860E-06
-0.3999999999999999,+1.807950E-06
-0.3999999999999999,+1.806810E-06
-0.3999999999999999,+1.806750E-06
-0.2999999999999998,+1.234550E-07
-0.2999999999999998,+1.232640E-07
-0.2999999999999998,+1.234370E-07
-0.2999999999999998,+1.231980E-07
-0.2999999999999998,+1.234830E-07
-0.2999999999999998,+1.231660E-07
-0.2999999999999998,+1.235220E-07
-0.2999999999999998,+1.231870E-07
-0.2999999999999998,+1.234650E-07
-0.2999999999999998,+1.232130E-07
-0.19999999999999996,+8.844000E-09
-0.19999999999999996,+8.684000E-09
-0.19999999999999996,+8.781000E-09
-0.19999999999999996,+8.622000E-09
-0.19999999999999996,+8.830000E-09
-0.19999999999999996,+8.535000E-09
-0.19999999999999996,+8.904000E-09
-0.19999999999999996,+8.598000E-09
-0.19999999999999996,+8.858000E-09
-0.19999999999999996,+8.727000E-09
-0.09999999999999987,+6.820000E-10
-0.09999999999999987,+6.460000E-10
-0.09999999999999987,+5.940000E-10
-0.09999999999999987,+7.310000E-10
-0.09999999999999987,+4.880000E-10
-0.09999999999999987,+7.860000E-10
-0.09999999999999987,+4.080000E-10
-0.09999999999999987,+7.460000E-10
-0.09999999999999987,+6.240000E-10
-0.09999999999999987,+6.000000E-10
0.0,-5.800000E-11
0.0,-4.300000E-11
0.0,+3.200000E-11
0.0,-1.340000E-10
0.0,+1.160000E-10
0.0,-1.690000E-10
0.0,+1.620000E-10
0.0,-1.270000E-10
0.0,+1.360000E-10
0.0,-5.000000E-12
0.0,-1.380000E-10
0.0,+1.490000E-10
0.0,+2.000000E-12
0.0,+6.000000E-12
0.0,+9.400000E-11
0.0,-1.360000E-10
0.0,+1.620000E-10
0.0,-3.000000E-11
0.0,-2.900000E-11
0.0,+7.000000E-12
2.0,-4.760000E-10
2.0,-5.910000E-10
2.0,-3.410000E-10
2.0,-7.150000E-10
2.0,-3.400000E-10
2.0,-7.140000E-10
2.0,-3.410000E-10
2.0,-6.440000E-10
2.0,-3.660000E-10
2.0,-5.660000E-10
4.0,-8.590000E-10
4.0,-8.310000E-10
4.0,-7.620000E-10
4.0,-9.630000E-10
4.0,-6.450000E-10
4.0,-1.010000E-09
4.0,-7.130000E-10
4.0,-1.001000E-09
4.0,-8.280000E-10
4.0,-9.590000E-10
6.0,-9.620000E-10
6.0,-1.284000E-09
6.0,-9.970000E-10
6.0,-1.250000E-09
6.0,-1.033000E-09
6.0,-1.212000E-09
6.0,-1.103000E-09
6.0,-1.128000E-09
6.0,-1.028000E-09
6.0,-1.244000E-09
8.0,-1.424000E-09
8.0,-1.241000E-09
8.0,-1.428000E-09
8.0,-1.292000E-09
8.0,-1.471000E-09
8.0,-1.223000E-09
8.0,-1.507000E-09
8.0,-1.135000E-09
8.0,-1.467000E-09
8.0,-1.201000E-09
10.0,-1.638000E-09
10.0,-1.438000E-09
10.0,-1.632000E-09
10.0,-1.382000E-09
10.0,-1.623000E-09
10.0,-1.354000E-09
10.0,-1.696000E-09
10.0,-1.354000E-09
10.0,-1.698000E-09
10.0,-1.339000E-09
12.0,-1.514000E-09
12.0,-1.928000E-09
12.0,-1.543000E-09
12.0,-1.900000E-09
12.0,-1.546000E-09
12.0,-1.828000E-09
12.0,-1.583000E-09
12.0,-1.848000E-09
12.0,-1.568000E-09
12.0,-1.879000E-09
14.0,-1.974000E-09
14.0,-1.878000E-09
14.0,-1.999000E-09
14.0,-1.994000E-09
14.0,-1.806000E-09
14.0,-2.073000E-09
14.0,-1.763000E-09
14.0,-2.082000E-09
14.0,-1.738000E-09
14.0,-1.970000E-09
16.0,-2.085000E-09
16.0,-2.140000E-09
16.0,-2.036000E-09
16.0,-2.189000E-09
16.0,-1.936000E-09
16.0,-2.270000E-09
16.0,-1.956000E-09
16.0,-2.105000E-09
16.0,-2.301000E-09
16.0,-1.949000E-09
18.0,-2.384000E-09
18.0,-2.325000E-09
18.0,-2.409000E-09
18.0,-2.259000E-09
18.0,-2.489000E-09
18.0,-2.195000E-09
18.0,-2.519000E-09
18.0,-2.125000E-09
18.0,-2.429000E-09
18.0,-2.220000E-09
20.0,-2.700000E-09
20.0,-2.485000E-09
20.0,-2.669000E-09
20.0,-2.422000E-09
20.0,-2.727000E-09
20.0,-2.381000E-09
20.0,-2.709000E-09
20.0,-2.423000E-09
20.0,-2.699000E-09
20.0,-2.574000E-09
22.0,-2.905000E-09
22.0,-3.018000E-09
22.0,-2.625000E-09
22.0,-2.911000E-09
22.0,-2.853000E-09
22.0,-3.012000E-09
22.0,-2.643000E-09
22.0,-2.750000E-09
22.0,-2.935000E-09
22.0,-2.568000E-09
24.0,-2.853000E-09
24.0,-3.150000E-09
24.0,-2.987000E-09
24.0,-3.354000E-09
24.0,-3.109000E-09
24.0,-3.321000E-09
24.0,-3.095000E-09
24.0,-3.302000E-09
24.0,-2.975000E-09
24.0,-3.000000E-09
26.0,-3.414000E-09
26.0,-3.485000E-09
26.0,-3.552000E-09
26.0,-3.377000E-09
26.0,-3.572000E-09
26.0,-3.321000E-09
26.0,-3.468000E-09
26.0,-3.310000E-09
26.0,-3.484000E-09
26.0,-3.145000E-09
28.0,-3.644000E-09
28.0,-3.843000E-09
28.0,-3.665000E-09
28.0,-3.957000E-09
28.0,-3.766000E-09
28.0,-3.653000E-09
28.0,-3.882000E-09
28.0,-3.521000E-09
28.0,-4.027000E-09
28.0,-3.692000E-09
30.0,-4.130000E-09
30.0,-4.240000E-09
30.0,-4.083000E-09
30.0,-4.240000E-09
30.0,-4.073000E-09
30.0,-4.291000E-09
30.0,-4.000000E-09
30.0,-4.331000E-09
30.0,-4.067000E-09
30.0,-4.167000E-09
30.0,-4.259000E-09
30.0,-3.851000E-09
30.0,-4.409000E-09
30.0,-3.916000E-09
30.0,-4.234000E-09
30.0,-3.997000E-09
30.0,-4.201000E-09
30.0,-4.077000E-09
30.0,-3.953000E-09
30.0,-4.146000E-09
30.2,-4.035000E-09
30.2,-3.877000E-09
30.2,-4.278000E-09
30.2,-3.981000E-09
30.2,-4.228000E-09
30.2,-3.993000E-09
30.2,-4.263000E-09
30.2,-4.012000E-09
30.2,-4.259000E-09
30.2,-4.133000E-09
30.4,-4.162000E-09
30.4,-4.301000E-09
30.4,-4.139000E-09
30.4,-4.131000E-09
30.4,-4.241000E-09
30.4,-4.114000E-09
30.4,-4.332000E-09
30.4,-4.079000E-09
30.4,-4.214000E-09
30.4,-3.927000E-09
30.6,-4.192000E-09
30.6,-4.256000E-09
30.6,-4.222000E-09
30.6,-4.285000E-09
30.6,-4.131000E-09
30.6,-4.192000E-09
30.6,-3.992000E-09
30.6,-4.303000E-09
30.6,-4.096000E-09
30.6,-4.354000E-09
30.8,-4.150000E-09
30.8,-4.304000E-09
30.8,-4.137000E-09
30.8,-4.347000E-09
30.8,-4.322000E-09
30.8,-4.124000E-09
30.8,-4.362000E-09
30.8,-4.137000E-09
30.8,-4.368000E-09
30.8,-4.059000E-09
31.0,-4.321000E-09
31.0,-4.192000E-09
31.0,-4.437000E-09
31.0,-4.153000E-09
31.0,-4.280000E-09
31.0,-4.304000E-09
31.0,-4.290000E-09
31.0,-4.235000E-09
31.0,-4.433000E-09
31.0,-4.174000E-09
31.2,-4.539000E-09
31.2,-4.141000E-09
31.2,-4.536000E-09
31.2,-4.401000E-09
31.2,-4.276000E-09
31.2,-4.321000E-09
31.2,-4.169000E-09
31.2,-4.528000E-09
31.2,-4.117000E-09
31.2,-4.422000E-09
31.4,-4.451000E-09
31.4,-4.274000E-09
31.4,-4.436000E-09
31.4,-4.112000E-09
31.4,-4.641000E-09
31.4,-4.300000E-09
31.4,-4.358000E-09
31.4,-4.526000E-09
31.4,-4.142000E-09
31.4,-4.597000E-09
31.6,-4.178000E-09
31.6,-4.595000E-09
31.6,-4.346000E-09
31.6,-4.578000E-09
31.6,-4.333000E-09
31.6,-4.530000E-09
31.6,-4.456000E-09
31.6,-4.293000E-09
31.6,-4.559000E-09
31.6,-4.243000E-09
31.8,-4.648000E-09
31.8,-4.394000E-09
31.8,-4.624000E-09
31.8,-4.270000E-09
31.8,-4.587000E-09
31.8,-4.348000E-09
31.8,-4.650000E-09
31.8,-4.318000E-09
31.8,-4.422000E-09
31.8,-4.530000E-09
32.0,-4.411000E-09
32.0,-4.643000E-09
32.0,-4.349000E-09
32.0,-4.596000E-09
32.0,-4.391000E-09
32.0,-4.671000E-09
32.0,-4.381000E-09
32.0,-4.589000E-09
32.0,-4.479000E-09
32.0,-4.441000E-09
32.2,-4.591000E-09
32.2,-4.535000E-09
32.2,-4.816000E-09
32.2,-4.420000E-09
32.2,-4.626000E-09
32.2,-4.392000E-09
32.2,-4.382000E-09
32.2,-4.711000E-09
32.2,-4.638000E-09
32.2,-4.582000E-09
32.4,-4.739000E-09
32.4,-4.639000E-09
32.4,-4.811000E-09
32.4,-4.401000E-09
32.4,-4.718000E-09
32.4,-4.515000E-09
32.4,-4.564000E-09
32.4,-4.610000E-09
32.4,-4.498000E-09
32.4,-4.703000E-09
32.6,-4.757000E-09
32.6,-5.038000E-09
32.6,-4.706000E-09
32.6,-4.931000E-09
32.6,-4.726000E-09
32.6,-4.951000E-09
32.6,-4.725000E-09
32.6,-4.953000E-09
32.6,-4.676000E-09
32.6,-5.028000E-09
32.8,-5.757000E-09
32.8,-5.932000E-09
32.8,-5.396000E-09
32.8,-6.057000E-09
32.8,-5.274000E-09
32.8,-5.719000E-09
32.8,-5.808000E-09
32.8,-5.739000E-09
32.8,-5.900000E-09
32.8,-5.409000E-09
33.0,-6.878000E-09
33.0,-6.817000E-09
33.0,-6.886000E-09
33.0,-6.687000E-09
33.0,-6.913000E-09
33.0,-6.639000E-09
33.0,-6.881000E-09
33.0,-7.089000E-09
33.0,-6.559000E-09
33.0,-6.783000E-09
33.2,-8.362000E-09
33.2,-7.703000E-09
33.2,-7.956000E-09
33.2,-8.996000E-09
33.2,-8.190000E-09
33.2,-8.734000E-09
33.2,-8.245000E-09
33.2,-8.588000E-09
33.2,-8.504000E-09
33.2,-8.773000E-09
33.4,-1.144200E-08
33.4,-1.060400E-08
33.4,-9.980000E-09
33.4,-1.056100E-08
33.4,-9.384000E-09
33.4,-1.017800E-08
33.4,-9.930000E-09
33.4,-1.002200E-08
33.4,-9.499000E-09
33.4,-1.119500E-08
33.6,-1.209500E-08
33.6,-1.396200E-08
33.6,-1.297700E-08
33.6,-1.400600E-08
33.6,-1.305100E-08
33.6,-1.309900E-08
33.6,-1.219200E-08
33.6,-1.182000E-08
33.6,-1.298000E-08
33.6,-1.224600E-08
33.8,-1.644200E-08
33.8,-1.615900E-08
33.8,-1.618000E-08
33.8,-1.518000E-08
33.8,-1.744500E-08
33.8,-1.610600E-08
33.8,-1.569100E-08
33.8,-1.330400E-08
33.8,-1.527100E-08
33.8,-1.518500E-08
34.0,-1.917300E-08
34.0,-1.840400E-08
34.0,-1.888600E-08
34.0,-1.860600E-08
34.0,-1.965900E-08
34.0,-1.859300E-08
34.0,-1.831300E-08
34.0,-2.033000E-08
34.0,-1.922700E-08
34.0,-1.819900E-08
34.2,-2.177000E-08
34.2,-2.419500E-08
34.2,-2.406200E-08
34.2,-2.126000E-08
34.2,-2.275000E-08
34.2,-2.375300E-08
34.2,-2.119400E-08
34.2,-2.140700E-08
34.2,-2.093200E-08
34.2,-2.110400E-08
34.4,-2.651000E-08
34.4,-2.575500E-08
34.4,-2.879300E-08
34.4,-2.522300E-08
34.4,-2.769100E-08
34.4,-2.702100E-08
34.4,-2.636300E-08
34.4,-2.364600E-08
34.4,-2.581100E-08
34.4,-2.494300E-08
34.6,-2.889400E-08
34.6,-2.858000E-08
34.6,-3.042800E-08
34.6,-2.951000E-08
34.6,-2.926500E-08
34.6,-2.971900E-08
34.6,-3.277500E-08
34.6,-3.298400E-08
34.6,-3.059900E-08
34.6,-2.914500E-08
34.8,-3.476500E-08
34.8,-3.531000E-08
34.8,-3.294200E-08
34.8,-3.834900E-08
34.8,-3.427700E-08
34.8,-3.732000E-08
34.8,-3.107600E-08
34.8,-3.479900E-08
34.8,-3.991000E-08
34.8,-3.348900E-08
35.0,-3.930400E-08
35.0,-3.927400E-08
35.0,-3.605300E-08
35.0,-4.226700E-08
35.0,-3.909000E-08
35.0,-3.815000E-08
35.0,-4.090700E-08
35.0,-4.096300E-08
35.0,-4.134000E-08
35.0,-3.768800E-08
35.2,-4.784700E-08
35.2,-4.512900E-08
35.2,-4.389800E-08
35.2,-4.130400E-08
35.2,-4.495700E-08
35.2,-4.774200E-08
35.2,-4.605200E-08
35.2,-4.568800E-08
35.2,-4.287700E-08
35.2,-4.588300E-08
35.4,-5.067100E-08
35.4,-5.252100E-08
35.4,-4.942500E-08
35.4,-5.161500E-08
35.4,-5.151400E-08
35.4,-5.600000E-08
35.4,-5.385400E-08
35.4,-4.742800E-08
35.4,-5.123300E-08
35.4,-5.444600E-08
35.6,-5.971900E-08
35.6,-5.652900E-08
35.6,-5.427600E-08
35.6,-6.150700E-08
35.6,-5.937200E-08
35.6,-5.205900E-08
35.6,-5.889300E-08
35.6,-5.932200E-08
35.6,-5.952300E-08
35.6,-6.025300E-08
35.8,-5.463300E-08
35.8,-6.397100E-08
35.8,-6.350600E-08
35.8,-5.596300E-08
35.8,-6.682100E-08
35.8,-6.730000E-08
35.8,-7.177000E-08
35.8,-6.035100E-08
35.8,-6.411500E-08
35.8,-6.096500E-08
36.0,-7.584800E-08
36.0,-6.895800E-08
36.0,-6.989400E-08
36.0,-7.129200E-08
36.0,-6.509600E-08
36.0,-7.208700E-08
36.0,-6.700000E-08
36.0,-6.947400E-08
36.0,-7.016400E-08
36.0,-7.503000E-08
36.2,-7.722400E-08
36.2,-7.638400E-08
36.2,-7.889100E-08
36.2,-7.647500E-08
36.2,-7.870200E-08
36.2,-7.947300E-08
36.2,-7.658400E-08
36.2,-8.331500E-08
36.2,-7.788900E-08
36.2,-8.020000E-08
36.4,-8.255300E-08
36.4,-8.804600E-08
36.4,-8.755000E-08
36.4,-8.279400E-08
36.4,-8.491900E-08
36.4,-8.948200E-08
36.4,-8.261600E-08
36.4,-8.613800E-08
36.4,-8.264700E-08
36.4,-8.340500E-08
36.6,-9.020100E-08
36.6,-9.355200E-08
36.6,-9.447500E-08
36.6,-9.254200E-08
36.6,-9.513000E-08
36.6,-9.052900E-08
36.6,-9.148000E-08
36.6,-9.654000E-08
36.6,-8.980100E-08
36.6,-9.051500E-08
36.8,-9.793500E-08
36.8,-1.029540E-07
36.8,-9.649600E-08
36.8,-9.735800E-08
36.8,-1.021000E-07
36.8,-9.883500E-08
36.8,-1.000050E-07
36.8,-1.034640E-07
36.8,-1.049700E-07
36.8,-1.009530E-07
37.0,-1.142130E-07
37.0,-1.180440E-07
37.0,-1.069770E-07
37.0,-1.040040E-07
37.0,-1.099650E-07
37.0,-1.058050E-07
37.0,-1.107520E-07
37.0,-1.078470E-07
37.0,-1.055280E-07
37.0,-1.118120E-07
37.2,-1.195440E-07
37.2,-1.173430E-07
37.2,-1.211390E-07
37.2,-1.173310E-07
37.2,-1.197610E-07
37.2,-1.151820E-07
37.2,-1.164750E-07
37.2,-1.225570E-07
37.2,-1.224110E-07
37.2,-1.224840E-07
37.4,-1.199870E-07
37.4,-1.378510E-07
37.4,-1.326420E-07
37.4,-1.338120E-07
37.4,-1.400490E-07
37.4,-1.245320E-07
37.4,-1.328450E-07
37.4,-1.209270E-07
37.4,-1.268630E-07
37.4,-1.198410E-07
37.6,-1.278990E-07
37.6,-1.457500E-07
37.6,-1.367940E-07
37.6,-1.345180E-07
37.6,-1.326680E-07
37.6,-1.362670E-07
37.6,-1.355640E-07
37.6,-1.367420E-07
37.6,-1.411530E-07
37.6,-1.485910E-07
37.8,-1.532850E-07
37.8,-1.458040E-07
37.8,-1.434110E-07
37.8,-1.381950E-07
37.8,-1.458020E-07
37.8,-1.456430E-07
37.8,-1.509440E-07
37.8,-1.460030E-07
37.8,-1.481100E-07
37.8,-1.406710E-07
38.0,-1.548770E-07
38.0,-1.492860E-07
38.0,-1.642940E-07
38.0,-1.650030E-07
38.0,-1.602460E-07
38.0,-1.632890E-07
38.0,-1.650630E-07
38.0,-1.562870E-07
38.0,-1.599910E-07
38.0,-1.546510E-07
38.2,-1.666570E-07
38.2,-1.716440E-07
38.2,-1.680210E-07
38.2,-1.689970E-07
38.2,-1.605340E-07
38.2,-1.586720E-07
38.2,-1.719890E-07
38.2,-1.811190E-07
38.2,-1.637010E-07
38.2,-1.715480E-07
38.4,-1.914920E-07
38.4,-1.875270E-07
38.4,-1.724820E-07
38.4,-1.849910E-07
38.4,-1.772160E-07
38.4,-1.850840E-07
38.4,-1.729020E-07
38.4,-1.888830E-07
38.4,-1.829660E-07
38.4,-1.837450E-07
38.6,-1.915450E-07
38.6,-1.962120E-07
38.6,-1.925490E-07
38.6,-1.878220E-07
38.6,-1.888650E-07
38.6,-1.864210E-07
38.6,-1.784620E-07
38.6,-1.898890E-07
38.6,-1.759240E-07
38.6,-1.769170E-07
38.8,-1.996060E-07
38.8,-2.015080E-07
38.8,-2.069250E-07
38.8,-2.024320E-07
38.8,-2.126390E-07
38.8,-2.005120E-07
38.8,-1.955300E-07
38.8,-2.097190E-07
38.8,-2.030840E-07
38.8,-2.084870E-07
39.0,-2.144920E-07
39.0,-2.178810E-07
39.0,-2.075060E-07
39.0,-2.146540E-07
39.0,-2.177640E-07
39.0,-2.089420E-07
39.0,-2.087650E-07
39.0,-2.253460E-07
39.0,-2.176210E-07
39.0,-2.140430E-07
39.2,-2.277480E-07
39.2,-2.197710E-07
39.2,-2.408470E-07
39.2,-2.358380E-07
39.2,-2.128230E-07
39.2,-2.379420E-07
39.2,-2.262030E-07
39.2,-2.246730E-07
39.2,-2.375800E-07
39.2,-2.283150E-07
39.4,-2.402130E-07
39.4,-2.354900E-07
39.4,-2.279140E-07
39.4,-2.232200E-07
39.4,-2.509010E-07
39.4,-2.402930E-07
39.4,-2.285610E-07
39.4,-2.335570E-07
39.4,-2.397740E-07
39.4,-2.391260E-07
39.6,-2.528830E-07
39.6,-2.537360E-07
39.6,-2.609140E-07
39.6,-2.507940E-07
39.6,-2.527250E-07
39.6,-2.627660E-07
39.6,-2.535430E-07
39.6,-2.588010E-07
39.6,-2.610540E-07
39.6,-2.549350E-07
39.8,-2.702060E-07
39.8,-2.578400E-07
39.8,-2.739660E-07
39.8,-2.652820E-07
39.8,-2.675470E-07
39.8,-2.744360E-07
39.8,-2.744220E-07
39.8,-2.690860E-07
39.8,-2.590570E-07
39.8,-2.651350E-07
40.0,-2.783040E-07
40.0,-2.692540E-07
40.0,-2.859140E-07
40.0,-2.767060E-07
40.0,-2.785440E-07
40.0,-2.885040E-07
40.0,-2.837030E-07
40.0,-2.694180E-07
40.0,-2.989220E-07
40.0,-2.780230E-07
40.2,-2.943530E-07
40.2,-3.140160E-07
40.2,-2.925230E-07
40.2,-2.910980E-07
40.2,-3.037640E-07
40.2,-3.037640E-07
40.2,-2.900030E-07
40.2,-2.853790E-07
40.2,-3.036030E-07
40.2,-2.969930E-07
40.4,-3.077360E-07
40.4,-3.145840E-07
40.4,-3.200910E-07
40.4,-3.255370E-07
40.4,-3.103200E-07
40.4,-3.147290E-07
40.4,-3.378370E-07
40.4,-3.185750E-07
40.4,-3.087450E-07
40.4,-3.193150E-07
40.6,-3.380050E-07
40.6,-3.252430E-07
40.6,-3.377370E-07
40.6,-3.296430E-07
40.6,-3.281630E-07
40.6,-3.318850E-07
40.6,-3.399650E-07
40.6,-3.481510E-07
40.6,-3.478570E-07
40.6,-3.284650E-07
40.8,-3.552960E-07
40.8,-3.441860E-07
40.8,-3.405490E-07
40.8,-3.592290E-07
40.8,-3.486010E-07
40.8,-3.465390E-07
40.8,-3.493940E-07
40.8,-3.558620E-07
40.8,-3.454890E-07
40.8,-3.465160E-07
41.0,-3.620150E-07
41.0,-3.962190E-07
41.0,-3.747140E-07
41.0,-3.661310E-07
41.0,-3.793620E-07
41.0,-3.696970E-07
41.0,-3.824330E-07
41.0,-3.654660E-07
41.0,-3.702470E-07
41.0,-3.581870E-07
41.2,-3.820210E-07
41.2,-3.996450E-07
41.2,-3.847090E-07
41.2,-4.043550E-07
41.2,-4.050630E-07
41.2,-3.848380E-07
41.2,-3.853640E-07
41.2,-4.101500E-07
41.2,-4.039680E-07
41.2,-4.082540E-07
41.4,-4.110080E-07
41.4,-4.092300E-07
41.4,-4.079060E-07
41.4,-4.013550E-07
41.4,-4.192800E-07
41.4,-4.173630E-07
41.4,-4.357270E-07
41.4,-4.116780E-07
41.4,-4.099170E-07
41.4,-4.132610E-07
41.6,-4.328450E-07
41.6,-4.299420E-07
41.6,-4.218940E-07
41.6,-4.413810E-07
41.6,-4.324310E-07
41.6,-4.320090E-07
41.6,-4.386160E-07
41.6,-4.349160E-07
41.6,-4.499820E-07
41.6,-4.356380E-07
41.8,-4.689070E-07
41.8,-4.772520E-07
41.8,-4.704670E-07
41.8,-4.755820E-07
41.8,-4.496630E-07
41.8,-4.750700E-07
41.8,-4.444520E-07
41.8,-4.863380E-07
41.8,-4.626370E-07
41.8,-4.611560E-07
42.0,-5.065980E-07
42.0,-4.980070E-07
42.0,-5.142750E-07
42.0,-4.936210E-07
42.0,-4.930960E-07
42.0,-4.936810E-07
42.0,-5.111570E-07
42.0,-4.770790E-07
42.0,-5.010040E-07
42.0,-4.857720E-07
