#2024-07-18 13:09:35.237844, Temp:  27.7°C, Humi: 51.2 %
Sourced_voltage,Channel_Current
-1.5,+7.791460E-04
-1.5,+7.791490E-04
-1.5,+7.791480E-04
-1.5,+7.791560E-04
-1.5,+7.791490E-04
-1.5,+7.791690E-04
-1.5,+7.791510E-04
-1.5,+7.791590E-04
-1.5,+7.791630E-04
-1.5,+7.791630E-04
-1.4,+6.957080E-04
-1.4,+6.956890E-04
-1.4,+6.957100E-04
-1.4,+6.956950E-04
-1.4,+6.957110E-04
-1.4,+6.956970E-04
-1.4,+6.957060E-04
-1.4,+6.957030E-04
-1.4,+6.956960E-04
-1.4,+6.957010E-04
-1.3,+6.126360E-04
-1.3,+6.126420E-04
-1.3,+6.126280E-04
-1.3,+6.126320E-04
-1.3,+6.126290E-04
-1.3,+6.126430E-04
-1.3,+6.126370E-04
-1.3,+6.126420E-04
-1.3,+6.126380E-04
-1.3,+6.126550E-04
-1.2,+5.301320E-04
-1.2,+5.301190E-04
-1.2,+5.301240E-04
-1.2,+5.301230E-04
-1.2,+5.301110E-04
-1.2,+5.301170E-04
-1.2,+5.301160E-04
-1.2,+5.301120E-04
-1.2,+5.301170E-04
-1.2,+5.301160E-04
-1.1,+4.482970E-04
-1.1,+4.483060E-04
-1.1,+4.483030E-04
-1.1,+4.482940E-04
-1.1,+4.482960E-04
-1.1,+4.482920E-04
-1.1,+4.483070E-04
-1.1,+4.482960E-04
-1.1,+4.483070E-04
-1.1,+4.482930E-04
-1.0,+3.674180E-04
-1.0,+3.674180E-04
-1.0,+3.674320E-04
-1.0,+3.674260E-04
-1.0,+3.674270E-04
-1.0,+3.674270E-04
-1.0,+3.674150E-04
-1.0,+3.674140E-04
-1.0,+3.674130E-04
-1.0,+3.674300E-04
-0.8999999999999999,+2.879090E-04
-0.8999999999999999,+2.879020E-04
-0.8999999999999999,+2.879040E-04
-0.8999999999999999,+2.879120E-04
-0.8999999999999999,+2.878940E-04
-0.8999999999999999,+2.879080E-04
-0.8999999999999999,+2.878980E-04
-0.8999999999999999,+2.879100E-04
-0.8999999999999999,+2.878870E-04
-0.8999999999999999,+2.879120E-04
-0.7999999999999999,+2.105070E-04
-0.7999999999999999,+2.105170E-04
-0.7999999999999999,+2.104940E-04
-0.7999999999999999,+2.105150E-04
-0.7999999999999999,+2.104970E-04
-0.7999999999999999,+2.105160E-04
-0.7999999999999999,+2.105000E-04
-0.7999999999999999,+2.105040E-04
-0.7999999999999999,+2.105090E-04
-0.7999999999999999,+2.105140E-04
-0.7,+1.367150E-04
-0.7,+1.367320E-04
-0.7,+1.367250E-04
-0.7,+1.367330E-04
-0.7,+1.367170E-04
-0.7,+1.367290E-04
-0.7,+1.367110E-04
-0.7,+1.367250E-04
-0.7,+1.367120E-04
-0.7,+1.367230E-04
-0.6,+7.005840E-05
-0.6,+7.012500E-05
-0.6,+7.012760E-05
-0.6,+7.011420E-05
-0.6,+7.013350E-05
-0.6,+7.011460E-05
-0.6,+7.012800E-05
-0.6,+7.012130E-05
-0.6,+7.012900E-05
-0.6,+7.012180E-05
-0.5,+2.051350E-05
-0.5,+2.052340E-05
-0.5,+2.052640E-05
-0.5,+2.051720E-05
-0.5,+2.051890E-05
-0.5,+2.051830E-05
-0.5,+2.051660E-05
-0.5,+2.052110E-05
-0.5,+2.050880E-05
-0.5,+2.052270E-05
-0.3999999999999999,+2.196270E-06
-0.3999999999999999,+2.197230E-06
-0.3999999999999999,+2.197450E-06
-0.3999999999999999,+2.197070E-06
-0.3999999999999999,+2.196900E-06
-0.3999999999999999,+2.196850E-06
-0.3999999999999999,+2.196780E-06
-0.3999999999999999,+2.197160E-06
-0.3999999999999999,+2.195870E-06
-0.3999999999999999,+2.195940E-06
-0.2999999999999998,+1.604840E-07
-0.2999999999999998,+1.602180E-07
-0.2999999999999998,+1.603400E-07
-0.2999999999999998,+1.601360E-07
-0.2999999999999998,+1.604280E-07
-0.2999999999999998,+1.600180E-07
-0.2999999999999998,+1.603250E-07
-0.2999999999999998,+1.600340E-07
-0.2999999999999998,+1.602670E-07
-0.2999999999999998,+1.601070E-07
-0.19999999999999996,+1.237100E-08
-0.19999999999999996,+1.249700E-08
-0.19999999999999996,+1.233300E-08
-0.19999999999999996,+1.249700E-08
-0.19999999999999996,+1.239000E-08
-0.19999999999999996,+1.244500E-08
-0.19999999999999996,+1.248400E-08
-0.19999999999999996,+1.255800E-08
-0.19999999999999996,+1.236400E-08
-0.19999999999999996,+1.255300E-08
-0.09999999999999987,+9.620000E-10
-0.09999999999999987,+8.190000E-10
-0.09999999999999987,+9.460000E-10
-0.09999999999999987,+8.180000E-10
-0.09999999999999987,+1.025000E-09
-0.09999999999999987,+7.630000E-10
-0.09999999999999987,+9.820000E-10
-0.09999999999999987,+7.460000E-10
-0.09999999999999987,+9.000000E-10
-0.09999999999999987,+9.840000E-10
0.0,-1.580000E-10
0.0,+0.000000E+00
0.0,-5.100000E-11
0.0,-1.190000E-10
0.0,+4.600000E-11
0.0,-1.740000E-10
0.0,+1.220000E-10
0.0,-1.540000E-10
0.0,+9.500000E-11
0.0,-7.700000E-11
0.0,+7.100000E-11
0.0,-9.100000E-11
0.0,-5.000000E-12
0.0,-2.600000E-11
0.0,+1.700000E-11
0.0,+4.000000E-12
0.0,-3.500000E-11
0.0,+5.100000E-11
0.0,-1.340000E-10
0.0,-3.000000E-11
2.0,-6.850000E-10
2.0,-7.230000E-10
2.0,-6.090000E-10
2.0,-7.840000E-10
2.0,-5.990000E-10
2.0,-7.760000E-10
2.0,-6.190000E-10
2.0,-6.510000E-10
2.0,-6.840000E-10
2.0,-5.780000E-10
4.0,-9.570000E-10
4.0,-1.113000E-09
4.0,-1.006000E-09
4.0,-1.065000E-09
4.0,-1.102000E-09
4.0,-1.136000E-09
4.0,-1.015000E-09
4.0,-1.176000E-09
4.0,-9.450000E-10
4.0,-1.158000E-09
6.0,-1.471000E-09
6.0,-1.406000E-09
6.0,-1.238000E-09
6.0,-1.487000E-09
6.0,-1.211000E-09
6.0,-1.475000E-09
6.0,-1.220000E-09
6.0,-1.488000E-09
6.0,-1.236000E-09
6.0,-1.478000E-09
8.0,-1.573000E-09
8.0,-1.686000E-09
8.0,-1.639000E-09
8.0,-1.704000E-09
8.0,-1.618000E-09
8.0,-1.702000E-09
8.0,-1.568000E-09
8.0,-1.657000E-09
8.0,-1.623000E-09
8.0,-1.698000E-09
10.0,-1.996000E-09
10.0,-1.858000E-09
10.0,-1.941000E-09
10.0,-1.915000E-09
10.0,-2.014000E-09
10.0,-1.812000E-09
10.0,-2.056000E-09
10.0,-1.763000E-09
10.0,-1.976000E-09
10.0,-1.768000E-09
12.0,-2.214000E-09
12.0,-2.144000E-09
12.0,-2.201000E-09
12.0,-2.073000E-09
12.0,-2.296000E-09
12.0,-2.046000E-09
12.0,-2.319000E-09
12.0,-2.101000E-09
12.0,-2.260000E-09
12.0,-2.196000E-09
14.0,-2.480000E-09
14.0,-2.471000E-09
14.0,-2.451000E-09
14.0,-2.515000E-09
14.0,-2.383000E-09
14.0,-2.464000E-09
14.0,-2.397000E-09
14.0,-2.372000E-09
14.0,-2.496000E-09
14.0,-2.297000E-09
16.0,-2.716000E-09
16.0,-2.786000E-09
16.0,-2.876000E-09
16.0,-2.697000E-09
16.0,-2.638000E-09
16.0,-2.861000E-09
16.0,-2.716000E-09
16.0,-2.807000E-09
16.0,-2.800000E-09
16.0,-2.690000E-09
18.0,-2.895000E-09
18.0,-3.178000E-09
18.0,-2.889000E-09
18.0,-3.111000E-09
18.0,-2.900000E-09
18.0,-3.002000E-09
18.0,-2.999000E-09
18.0,-2.915000E-09
18.0,-3.080000E-09
18.0,-2.864000E-09
20.0,-3.210000E-09
20.0,-3.481000E-09
20.0,-3.273000E-09
20.0,-3.440000E-09
20.0,-3.348000E-09
20.0,-3.358000E-09
20.0,-3.424000E-09
20.0,-3.218000E-09
20.0,-3.466000E-09
20.0,-3.194000E-09
22.0,-3.704000E-09
22.0,-3.713000E-09
22.0,-3.534000E-09
22.0,-3.713000E-09
22.0,-3.747000E-09
22.0,-3.509000E-09
22.0,-3.875000E-09
22.0,-3.587000E-09
22.0,-3.808000E-09
22.0,-3.583000E-09
24.0,-4.048000E-09
24.0,-4.137000E-09
24.0,-4.162000E-09
24.0,-3.967000E-09
24.0,-4.220000E-09
24.0,-3.835000E-09
24.0,-4.202000E-09
24.0,-3.867000E-09
24.0,-4.129000E-09
24.0,-3.962000E-09
26.0,-4.448000E-09
26.0,-4.640000E-09
26.0,-4.726000E-09
26.0,-4.511000E-09
26.0,-4.522000E-09
26.0,-4.705000E-09
26.0,-4.408000E-09
26.0,-4.669000E-09
26.0,-4.403000E-09
26.0,-4.695000E-09
28.0,-5.220000E-09
28.0,-5.026000E-09
28.0,-5.241000E-09
28.0,-5.120000E-09
28.0,-5.058000E-09
28.0,-5.221000E-09
28.0,-4.967000E-09
28.0,-5.373000E-09
28.0,-4.936000E-09
28.0,-5.089000E-09
30.0,-5.833000E-09
30.0,-5.912000E-09
30.0,-5.792000E-09
30.0,-5.907000E-09
30.0,-5.857000E-09
30.0,-5.797000E-09
30.0,-5.797000E-09
30.0,-5.812000E-09
30.0,-5.751000E-09
30.0,-5.705000E-09
30.0,-5.831000E-09
30.0,-5.596000E-09
30.0,-5.787000E-09
30.0,-5.656000E-09
30.0,-5.698000E-09
30.0,-5.742000E-09
30.0,-5.600000E-09
30.0,-5.850000E-09
30.0,-5.621000E-09
30.0,-5.828000E-09
30.2,-5.752000E-09
30.2,-5.883000E-09
30.2,-5.781000E-09
30.2,-5.732000E-09
30.2,-5.977000E-09
30.2,-5.851000E-09
30.2,-5.955000E-09
30.2,-5.657000E-09
30.2,-5.848000E-09
30.2,-5.653000E-09
30.4,-5.896000E-09
30.4,-5.893000E-09
30.4,-5.794000E-09
30.4,-6.019000E-09
30.4,-5.991000E-09
30.4,-5.727000E-09
30.4,-5.912000E-09
30.4,-5.695000E-09
30.4,-5.945000E-09
30.4,-5.677000E-09
30.6,-6.067000E-09
30.6,-5.758000E-09
30.6,-6.099000E-09
30.6,-5.874000E-09
30.6,-5.931000E-09
30.6,-5.936000E-09
30.6,-5.775000E-09
30.6,-6.082000E-09
30.6,-5.881000E-09
30.6,-6.085000E-09
30.8,-5.866000E-09
30.8,-6.157000E-09
30.8,-5.855000E-09
30.8,-6.198000E-09
30.8,-5.816000E-09
30.8,-6.148000E-09
30.8,-5.828000E-09
30.8,-6.063000E-09
30.8,-5.879000E-09
30.8,-6.116000E-09
31.0,-6.107000E-09
31.0,-6.139000E-09
31.0,-6.154000E-09
31.0,-6.042000E-09
31.0,-6.047000E-09
31.0,-6.015000E-09
31.0,-6.103000E-09
31.0,-6.096000E-09
31.0,-6.005000E-09
31.0,-6.070000E-09
31.2,-6.078000E-09
31.2,-6.110000E-09
31.2,-6.156000E-09
31.2,-6.042000E-09
31.2,-6.195000E-09
31.2,-6.055000E-09
31.2,-6.305000E-09
31.2,-6.098000E-09
31.2,-6.233000E-09
31.2,-6.016000E-09
31.4,-6.424000E-09
31.4,-6.146000E-09
31.4,-6.398000E-09
31.4,-6.341000E-09
31.4,-6.124000E-09
31.4,-6.337000E-09
31.4,-6.262000E-09
31.4,-6.172000E-09
31.4,-6.345000E-09
31.4,-6.257000E-09
31.6,-6.443000E-09
31.6,-6.372000E-09
31.6,-6.411000E-09
31.6,-6.287000E-09
31.6,-6.279000E-09
31.6,-6.351000E-09
31.6,-6.067000E-09
31.6,-6.521000E-09
31.6,-6.325000E-09
31.6,-6.491000E-09
31.8,-6.506000E-09
31.8,-6.419000E-09
31.8,-6.399000E-09
31.8,-6.449000E-09
31.8,-6.658000E-09
31.8,-6.529000E-09
31.8,-6.604000E-09
31.8,-6.322000E-09
31.8,-6.624000E-09
31.8,-6.285000E-09
32.0,-6.770000E-09
32.0,-6.446000E-09
32.0,-6.677000E-09
32.0,-6.520000E-09
32.0,-6.522000E-09
32.0,-6.426000E-09
32.0,-6.645000E-09
32.0,-6.523000E-09
32.0,-6.775000E-09
32.0,-6.469000E-09
32.2,-6.963000E-09
32.2,-6.654000E-09
32.2,-6.890000E-09
32.2,-6.694000E-09
32.2,-6.952000E-09
32.2,-6.593000E-09
32.2,-6.970000E-09
32.2,-6.694000E-09
32.2,-6.794000E-09
32.2,-6.641000E-09
32.4,-7.989000E-09
32.4,-8.390000E-09
32.4,-7.992000E-09
32.4,-8.530000E-09
32.4,-7.925000E-09
32.4,-8.177000E-09
32.4,-8.245000E-09
32.4,-8.273000E-09
32.4,-8.267000E-09
32.4,-8.038000E-09
32.6,-3.107100E-08
32.6,-3.172300E-08
32.6,-3.170300E-08
32.6,-3.182500E-08
32.6,-3.145200E-08
32.6,-3.108600E-08
32.6,-3.094700E-08
32.6,-3.155500E-08
32.6,-3.081000E-08
32.6,-3.185700E-08
32.8,-8.570800E-08
32.8,-8.407800E-08
32.8,-8.531700E-08
32.8,-8.658800E-08
32.8,-8.661600E-08
32.8,-8.592100E-08
32.8,-8.600500E-08
32.8,-8.524300E-08
32.8,-8.690500E-08
32.8,-8.788000E-08
33.0,-1.768410E-07
33.0,-1.738110E-07
33.0,-1.753520E-07
33.0,-1.752240E-07
33.0,-1.718290E-07
33.0,-1.733760E-07
33.0,-1.701370E-07
33.0,-1.690290E-07
33.0,-1.733490E-07
33.0,-1.717630E-07
33.2,-2.855330E-07
33.2,-2.839480E-07
33.2,-2.830080E-07
33.2,-2.871780E-07
33.2,-2.893550E-07
33.2,-2.941260E-07
33.2,-2.927170E-07
33.2,-2.811420E-07
33.2,-2.889380E-07
33.2,-2.860600E-07
33.4,-4.330820E-07
33.4,-4.348940E-07
33.4,-4.393290E-07
33.4,-4.225980E-07
33.4,-4.289960E-07
33.4,-4.253060E-07
33.4,-4.267480E-07
33.4,-4.302380E-07
33.4,-4.357260E-07
33.4,-4.516880E-07
33.6,-6.157990E-07
33.6,-6.191460E-07
33.6,-6.138160E-07
33.6,-6.357820E-07
33.6,-6.099430E-07
33.6,-6.111300E-07
33.6,-6.074250E-07
33.6,-6.225310E-07
33.6,-6.054820E-07
33.6,-6.140730E-07
33.8,-8.271370E-07
33.8,-8.315340E-07
33.8,-8.169920E-07
33.8,-8.534020E-07
33.8,-8.202170E-07
33.8,-8.106100E-07
33.8,-8.148890E-07
33.8,-8.164470E-07
33.8,-8.424190E-07
33.8,-8.405700E-07
34.0,-1.080150E-06
34.0,-1.073620E-06
34.0,-1.053400E-06
34.0,-1.066600E-06
34.0,-1.068050E-06
34.0,-1.061810E-06
34.0,-1.051330E-06
34.0,-1.061230E-06
34.0,-1.082320E-06
34.0,-1.037470E-06
34.2,-1.318150E-06
34.2,-1.323400E-06
34.2,-1.327840E-06
34.2,-1.332340E-06
34.2,-1.332070E-06
34.2,-1.343620E-06
34.2,-1.343610E-06
34.2,-1.330080E-06
34.2,-1.314850E-06
34.2,-1.308500E-06
34.4,-1.653870E-06
34.4,-1.620440E-06
34.4,-1.624170E-06
34.4,-1.633820E-06
34.4,-1.617910E-06
34.4,-1.638600E-06
34.4,-1.630600E-06
34.4,-1.628970E-06
34.4,-1.649970E-06
34.4,-1.642540E-06
34.6,-1.958970E-06
34.6,-1.986550E-06
34.6,-1.981060E-06
34.6,-1.954780E-06
34.6,-1.963980E-06
34.6,-1.959070E-06
34.6,-1.946960E-06
34.6,-1.960850E-06
34.6,-2.044500E-06
34.6,-1.976710E-06
34.8,-2.354710E-06
34.8,-2.359010E-06
34.8,-2.316770E-06
34.8,-2.294850E-06
34.8,-2.300390E-06
34.8,-2.305070E-06
34.8,-2.295790E-06
34.8,-2.313270E-06
34.8,-2.363230E-06
34.8,-2.351990E-06
35.0,-2.784300E-06
35.0,-2.771810E-06
35.0,-2.787610E-06
35.0,-2.773810E-06
35.0,-2.712780E-06
35.0,-2.739530E-06
35.0,-2.726420E-06
35.0,-2.742550E-06
35.0,-2.723850E-06
35.0,-2.720460E-06
35.2,-3.159710E-06
35.2,-3.168780E-06
35.2,-3.292820E-06
35.2,-3.132250E-06
35.2,-3.230450E-06
35.2,-3.164160E-06
35.2,-3.196720E-06
35.2,-3.168340E-06
35.2,-3.199060E-06
35.2,-3.247620E-06
35.4,-3.612510E-06
35.4,-3.600000E-06
35.4,-3.676680E-06
35.4,-3.695570E-06
35.4,-3.641140E-06
35.4,-3.719000E-06
35.4,-3.717270E-06
35.4,-3.761980E-06
35.4,-3.648550E-06
35.4,-3.675520E-06
35.6,-4.195990E-06
35.6,-4.147490E-06
35.6,-4.137460E-06
35.6,-4.173870E-06
35.6,-4.278090E-06
35.6,-4.163720E-06
35.6,-4.140170E-06
35.6,-4.246330E-06
35.6,-4.142560E-06
35.6,-4.212770E-06
35.8,-4.790260E-06
35.8,-4.667130E-06
35.8,-4.701320E-06
35.8,-4.760270E-06
35.8,-4.739900E-06
35.8,-4.704050E-06
35.8,-4.819240E-06
35.8,-4.686210E-06
35.8,-4.670880E-06
35.8,-4.849460E-06
36.0,-5.364330E-06
36.0,-5.271000E-06
36.0,-5.541790E-06
36.0,-5.312700E-06
36.0,-5.360560E-06
36.0,-5.310660E-06
36.0,-5.328880E-06
36.0,-5.264210E-06
36.0,-5.324850E-06
36.0,-5.244250E-06
36.2,-5.851470E-06
36.2,-5.944560E-06
36.2,-5.985540E-06
36.2,-5.944260E-06
36.2,-5.861600E-06
36.2,-5.954620E-06
36.2,-5.876220E-06
36.2,-5.909920E-06
36.2,-6.198160E-06
36.2,-5.886800E-06
36.4,-6.730180E-06
36.4,-6.511150E-06
36.4,-6.689750E-06
36.4,-6.539420E-06
36.4,-6.674860E-06
36.4,-6.568390E-06
36.4,-6.575210E-06
36.4,-6.660130E-06
36.4,-6.599410E-06
36.4,-6.690450E-06
36.6,-7.233490E-06
36.6,-7.223200E-06
36.6,-7.245110E-06
36.6,-7.372210E-06
36.6,-7.443780E-06
36.6,-7.402510E-06
36.6,-7.409150E-06
36.6,-7.358120E-06
36.6,-7.451820E-06
36.6,-7.383390E-06
36.8,-8.084160E-06
36.8,-8.081730E-06
36.8,-8.361630E-06
36.8,-7.964440E-06
36.8,-8.292570E-06
36.8,-8.224660E-06
36.8,-8.155770E-06
36.8,-8.189130E-06
36.8,-8.204250E-06
36.8,-8.139500E-06
37.0,-8.772010E-06
37.0,-8.788160E-06
37.0,-9.136220E-06
37.0,-8.810770E-06
37.0,-8.944280E-06
37.0,-9.085840E-06
37.0,-9.026780E-06
37.0,-8.949140E-06
37.0,-8.891690E-06
37.0,-8.797730E-06
37.2,-9.741700E-06
37.2,-9.595420E-06
37.2,-9.548200E-06
37.2,-9.820800E-06
37.2,-9.686500E-06
37.2,-9.528270E-06
37.2,-9.584010E-06
37.2,-9.628300E-06
37.2,-9.651300E-06
37.2,-9.737800E-06
37.4,-1.072430E-05
37.4,-1.061220E-05
37.4,-1.061320E-05
37.4,-1.061570E-05
37.4,-1.043740E-05
37.4,-1.046660E-05
37.4,-1.046340E-05
37.4,-1.070790E-05
37.4,-1.104490E-05
37.4,-1.082770E-05
37.6,-1.184440E-05
37.6,-1.143890E-05
37.6,-1.153660E-05
37.6,-1.149680E-05
37.6,-1.151320E-05
37.6,-1.158390E-05
37.6,-1.155850E-05
37.6,-1.157230E-05
37.6,-1.152080E-05
37.6,-1.170850E-05
37.8,-1.262000E-05
37.8,-1.234420E-05
37.8,-1.251860E-05
37.8,-1.237330E-05
37.8,-1.261310E-05
37.8,-1.227880E-05
37.8,-1.262490E-05
37.8,-1.272490E-05
37.8,-1.219890E-05
37.8,-1.273780E-05
38.0,-1.343830E-05
38.0,-1.364020E-05
38.0,-1.363840E-05
38.0,-1.322240E-05
38.0,-1.322060E-05
38.0,-1.336450E-05
38.0,-1.329100E-05
38.0,-1.312640E-05
38.0,-1.298870E-05
38.0,-1.326160E-05
38.2,-1.434170E-05
38.2,-1.421800E-05
38.2,-1.408600E-05
38.2,-1.426710E-05
38.2,-1.406060E-05
38.2,-1.413780E-05
38.2,-1.427730E-05
38.2,-1.452400E-05
38.2,-1.397520E-05
38.2,-1.413070E-05
38.4,-1.546420E-05
38.4,-1.543710E-05
38.4,-1.519150E-05
38.4,-1.515100E-05
38.4,-1.527400E-05
38.4,-1.506190E-05
38.4,-1.561200E-05
38.4,-1.525150E-05
38.4,-1.545540E-05
38.4,-1.552270E-05
38.6,-1.631230E-05
38.6,-1.689660E-05
38.6,-1.633860E-05
38.6,-1.629940E-05
38.6,-1.656980E-05
38.6,-1.606430E-05
38.6,-1.653220E-05
38.6,-1.627790E-05
38.6,-1.661510E-05
38.6,-1.614100E-05
38.8,-1.713800E-05
38.8,-1.743390E-05
38.8,-1.773370E-05
38.8,-1.731790E-05
38.8,-1.774560E-05
38.8,-1.758860E-05
38.8,-1.763690E-05
38.8,-1.768250E-05
38.8,-1.780840E-05
38.8,-1.762250E-05
39.0,-1.867890E-05
39.0,-1.894750E-05
39.0,-1.892980E-05
39.0,-1.872900E-05
39.0,-1.873130E-05
39.0,-1.876600E-05
39.0,-1.874130E-05
39.0,-1.874210E-05
39.0,-1.876520E-05
39.0,-1.857330E-05
39.2,-1.984340E-05
39.2,-2.002000E-05
39.2,-2.000470E-05
39.2,-2.019080E-05
39.2,-2.011250E-05
39.2,-2.003860E-05
39.2,-2.002030E-05
39.2,-2.014850E-05
39.2,-2.007340E-05
39.2,-1.963250E-05
39.4,-2.108930E-05
39.4,-2.087620E-05
39.4,-2.085240E-05
39.4,-2.118080E-05
39.4,-2.103730E-05
39.4,-2.059980E-05
39.4,-2.080480E-05
39.4,-2.069440E-05
39.4,-2.108430E-05
39.4,-2.103850E-05
39.6,-2.259690E-05
39.6,-2.273440E-05
39.6,-2.320460E-05
39.6,-2.247390E-05
39.6,-2.283420E-05
39.6,-2.303870E-05
39.6,-2.293060E-05
39.6,-2.261620E-05
39.6,-2.275030E-05
39.6,-2.255510E-05
39.8,-2.389870E-05
39.8,-2.423600E-05
39.8,-2.448210E-05
39.8,-2.417490E-05
39.8,-2.435390E-05
39.8,-2.388140E-05
39.8,-2.384230E-05
39.8,-2.396420E-05
39.8,-2.439530E-05
39.8,-2.417400E-05
40.0,-2.551870E-05
40.0,-2.593460E-05
40.0,-2.582010E-05
40.0,-2.574720E-05
40.0,-2.545130E-05
40.0,-2.551150E-05
40.0,-2.582270E-05
40.0,-2.561150E-05
40.0,-2.585310E-05
40.0,-2.579090E-05
40.2,-2.715390E-05
40.2,-2.732330E-05
40.2,-2.707670E-05
40.2,-2.723120E-05
40.2,-2.726820E-05
40.2,-2.717680E-05
40.2,-2.720950E-05
40.2,-2.705580E-05
40.2,-2.722800E-05
40.2,-2.742630E-05
40.4,-2.910850E-05
40.4,-2.915330E-05
40.4,-2.897260E-05
40.4,-2.902020E-05
40.4,-2.926730E-05
40.4,-2.904290E-05
40.4,-2.887630E-05
40.4,-2.902680E-05
40.4,-2.867410E-05
40.4,-2.876040E-05
40.6,-3.069900E-05
40.6,-3.055080E-05
40.6,-3.040110E-05
40.6,-3.058530E-05
40.6,-3.006540E-05
40.6,-3.048480E-05
40.6,-3.051360E-05
40.6,-3.039080E-05
40.6,-3.057160E-05
40.6,-3.095560E-05
40.8,-3.236290E-05
40.8,-3.244210E-05
40.8,-3.182080E-05
40.8,-3.201360E-05
40.8,-3.193080E-05
40.8,-3.237590E-05
40.8,-3.208250E-05
40.8,-3.214330E-05
40.8,-3.165010E-05
40.8,-3.147810E-05
41.0,-3.343370E-05
41.0,-3.331130E-05
41.0,-3.305470E-05
41.0,-3.302750E-05
41.0,-3.299300E-05
41.0,-3.322150E-05
41.0,-3.318680E-05
41.0,-3.330180E-05
41.0,-3.277120E-05
41.0,-3.330740E-05
41.2,-3.484340E-05
41.2,-3.519330E-05
41.2,-3.447210E-05
41.2,-3.515410E-05
41.2,-3.479380E-05
41.2,-3.477160E-05
41.2,-3.442980E-05
41.2,-3.540990E-05
41.2,-3.499280E-05
41.2,-3.515520E-05
41.4,-3.635150E-05
41.4,-3.620610E-05
41.4,-3.642490E-05
41.4,-3.656480E-05
41.4,-3.698190E-05
41.4,-3.717090E-05
41.4,-3.686350E-05
41.4,-3.695440E-05
41.4,-3.721970E-05
41.4,-3.727790E-05
41.6,-3.851970E-05
41.6,-3.937660E-05
41.6,-3.915570E-05
41.6,-3.919790E-05
41.6,-3.875430E-05
41.6,-3.885770E-05
41.6,-3.870590E-05
41.6,-3.928430E-05
41.6,-3.916490E-05
41.6,-3.867330E-05
41.8,-4.045490E-05
41.8,-4.076810E-05
41.8,-4.111360E-05
41.8,-4.103710E-05
41.8,-4.038880E-05
41.8,-4.077790E-05
41.8,-4.108060E-05
41.8,-4.057590E-05
41.8,-4.029610E-05
41.8,-4.090860E-05
42.0,-4.303980E-05
42.0,-4.314810E-05
42.0,-4.258710E-05
42.0,-4.247790E-05
42.0,-4.292000E-05
42.0,-4.310170E-05
42.0,-4.258580E-05
42.0,-4.273500E-05
42.0,-4.248900E-05
42.0,-4.241760E-05
