#2024-07-17 12:09:45.442151, Temp:  27.2°C, Humi: 56.8 %
Sourced_voltage,Channel_Current
-1.5,+7.831750E-04
-1.5,+7.831900E-04
-1.5,+7.831870E-04
-1.5,+7.831820E-04
-1.5,+7.831880E-04
-1.5,+7.831920E-04
-1.5,+7.831790E-04
-1.5,+7.831740E-04
-1.5,+7.831810E-04
-1.5,+7.831630E-04
-1.4,+6.992840E-04
-1.4,+6.992870E-04
-1.4,+6.992940E-04
-1.4,+6.992780E-04
-1.4,+6.992840E-04
-1.4,+6.992820E-04
-1.4,+6.992800E-04
-1.4,+6.992820E-04
-1.4,+6.992780E-04
-1.4,+6.992770E-04
-1.3,+6.157940E-04
-1.3,+6.157970E-04
-1.3,+6.157840E-04
-1.3,+6.157910E-04
-1.3,+6.157900E-04
-1.3,+6.157790E-04
-1.3,+6.157950E-04
-1.3,+6.157850E-04
-1.3,+6.157960E-04
-1.3,+6.157930E-04
-1.2,+5.328580E-04
-1.2,+5.328470E-04
-1.2,+5.328450E-04
-1.2,+5.328510E-04
-1.2,+5.328530E-04
-1.2,+5.328400E-04
-1.2,+5.328570E-04
-1.2,+5.328510E-04
-1.2,+5.328530E-04
-1.2,+5.328450E-04
-1.1,+4.506090E-04
-1.1,+4.506080E-04
-1.1,+4.506110E-04
-1.1,+4.506080E-04
-1.1,+4.506190E-04
-1.1,+4.506120E-04
-1.1,+4.506060E-04
-1.1,+4.506060E-04
-1.1,+4.505990E-04
-1.1,+4.506010E-04
-1.0,+3.693070E-04
-1.0,+3.693150E-04
-1.0,+3.693050E-04
-1.0,+3.693030E-04
-1.0,+3.693050E-04
-1.0,+3.693020E-04
-1.0,+3.693130E-04
-1.0,+3.693030E-04
-1.0,+3.692960E-04
-1.0,+3.693110E-04
-0.8999999999999999,+2.893710E-04
-0.8999999999999999,+2.893590E-04
-0.8999999999999999,+2.893670E-04
-0.8999999999999999,+2.893680E-04
-0.8999999999999999,+2.893570E-04
-0.8999999999999999,+2.893760E-04
-0.8999999999999999,+2.893510E-04
-0.8999999999999999,+2.893640E-04
-0.8999999999999999,+2.893690E-04
-0.8999999999999999,+2.893700E-04
-0.7999999999999999,+2.115300E-04
-0.7999999999999999,+2.115410E-04
-0.7999999999999999,+2.115360E-04
-0.7999999999999999,+2.115250E-04
-0.7999999999999999,+2.115320E-04
-0.7999999999999999,+2.115260E-04
-0.7999999999999999,+2.115360E-04
-0.7999999999999999,+2.115280E-04
-0.7999999999999999,+2.115320E-04
-0.7999999999999999,+2.115270E-04
-0.7,+1.373120E-04
-0.7,+1.373110E-04
-0.7,+1.373130E-04
-0.7,+1.373180E-04
-0.7,+1.373080E-04
-0.7,+1.373080E-04
-0.7,+1.373150E-04
-0.7,+1.373040E-04
-0.7,+1.373170E-04
-0.7,+1.373010E-04
-0.6,+7.017940E-05
-0.6,+7.027360E-05
-0.6,+7.026330E-05
-0.6,+7.026530E-05
-0.6,+7.026590E-05
-0.6,+7.026180E-05
-0.6,+7.026020E-05
-0.6,+7.026150E-05
-0.6,+7.026220E-05
-0.6,+7.026070E-05
-0.5,+2.026870E-05
-0.5,+2.027680E-05
-0.5,+2.028040E-05
-0.5,+2.027620E-05
-0.5,+2.027920E-05
-0.5,+2.028130E-05
-0.5,+2.027830E-05
-0.5,+2.028170E-05
-0.5,+2.028010E-05
-0.5,+2.027940E-05
-0.3999999999999999,+2.002830E-06
-0.3999999999999999,+2.002510E-06
-0.3999999999999999,+2.003160E-06
-0.3999999999999999,+2.002260E-06
-0.3999999999999999,+2.003650E-06
-0.3999999999999999,+2.002700E-06
-0.3999999999999999,+2.003910E-06
-0.3999999999999999,+2.003080E-06
-0.3999999999999999,+2.002890E-06
-0.3999999999999999,+2.004130E-06
-0.2999999999999998,+1.272470E-07
-0.2999999999999998,+1.270530E-07
-0.2999999999999998,+1.272120E-07
-0.2999999999999998,+1.269840E-07
-0.2999999999999998,+1.271770E-07
-0.2999999999999998,+1.269450E-07
-0.2999999999999998,+1.271130E-07
-0.2999999999999998,+1.270450E-07
-0.2999999999999998,+1.271460E-07
-0.2999999999999998,+1.270580E-07
-0.19999999999999996,+9.285000E-09
-0.19999999999999996,+9.055000E-09
-0.19999999999999996,+9.297000E-09
-0.19999999999999996,+9.100000E-09
-0.19999999999999996,+9.286000E-09
-0.19999999999999996,+9.153000E-09
-0.19999999999999996,+9.225000E-09
-0.19999999999999996,+9.200000E-09
-0.19999999999999996,+9.202000E-09
-0.19999999999999996,+9.308000E-09
-0.09999999999999987,+6.370000E-10
-0.09999999999999987,+7.670000E-10
-0.09999999999999987,+5.120000E-10
-0.09999999999999987,+7.740000E-10
-0.09999999999999987,+5.070000E-10
-0.09999999999999987,+7.060000E-10
-0.09999999999999987,+5.480000E-10
-0.09999999999999987,+7.660000E-10
-0.09999999999999987,+5.270000E-10
-0.09999999999999987,+6.620000E-10
0.0,+3.100000E-11
0.0,-9.900000E-11
0.0,+5.800000E-11
0.0,-1.330000E-10
0.0,+1.290000E-10
0.0,-1.000000E-10
0.0,+8.900000E-11
0.0,-5.100000E-11
0.0,-3.400000E-11
0.0,+4.300000E-11
0.0,-1.070000E-10
0.0,+9.400000E-11
0.0,-1.230000E-10
0.0,+1.060000E-10
0.0,-1.090000E-10
0.0,+9.300000E-11
0.0,-1.290000E-10
0.0,+4.900000E-11
0.0,-1.060000E-10
0.0,-2.200000E-11
2.0,-5.420000E-10
2.0,-6.250000E-10
2.0,-4.360000E-10
2.0,-6.750000E-10
2.0,-4.440000E-10
2.0,-6.460000E-10
2.0,-4.370000E-10
2.0,-5.520000E-10
2.0,-5.250000E-10
2.0,-4.440000E-10
4.0,-8.360000E-10
4.0,-8.670000E-10
4.0,-8.890000E-10
4.0,-8.100000E-10
4.0,-9.500000E-10
4.0,-8.610000E-10
4.0,-9.090000E-10
4.0,-9.270000E-10
4.0,-8.060000E-10
4.0,-9.730000E-10
6.0,-1.207000E-09
6.0,-9.990000E-10
6.0,-1.155000E-09
6.0,-1.053000E-09
6.0,-1.086000E-09
6.0,-1.013000E-09
6.0,-1.125000E-09
6.0,-9.780000E-10
6.0,-1.199000E-09
6.0,-1.001000E-09
8.0,-1.148000E-09
8.0,-1.384000E-09
8.0,-1.126000E-09
8.0,-1.372000E-09
8.0,-1.171000E-09
8.0,-1.347000E-09
8.0,-1.140000E-09
8.0,-1.396000E-09
8.0,-1.144000E-09
8.0,-1.301000E-09
10.0,-1.485000E-09
10.0,-1.312000E-09
10.0,-1.519000E-09
10.0,-1.303000E-09
10.0,-1.516000E-09
10.0,-1.294000E-09
10.0,-1.480000E-09
10.0,-1.322000E-09
10.0,-1.416000E-09
10.0,-1.301000E-09
12.0,-1.515000E-09
12.0,-1.613000E-09
12.0,-1.469000E-09
12.0,-1.544000E-09
12.0,-1.536000E-09
12.0,-1.447000E-09
12.0,-1.612000E-09
12.0,-1.507000E-09
12.0,-1.559000E-09
12.0,-1.579000E-09
14.0,-1.786000E-09
14.0,-1.633000E-09
14.0,-1.815000E-09
14.0,-1.605000E-09
14.0,-1.857000E-09
14.0,-1.605000E-09
14.0,-1.827000E-09
14.0,-1.603000E-09
14.0,-1.862000E-09
14.0,-1.621000E-09
16.0,-1.764000E-09
16.0,-2.014000E-09
16.0,-1.751000E-09
16.0,-1.996000E-09
16.0,-1.774000E-09
16.0,-1.984000E-09
16.0,-1.795000E-09
16.0,-1.871000E-09
16.0,-1.942000E-09
16.0,-1.769000E-09
18.0,-1.973000E-09
18.0,-2.208000E-09
18.0,-1.977000E-09
18.0,-2.177000E-09
18.0,-2.030000E-09
18.0,-2.112000E-09
18.0,-2.108000E-09
18.0,-2.221000E-09
18.0,-2.014000E-09
18.0,-2.231000E-09
20.0,-2.418000E-09
20.0,-2.208000E-09
20.0,-2.428000E-09
20.0,-2.197000E-09
20.0,-2.442000E-09
20.0,-2.253000E-09
20.0,-2.343000E-09
20.0,-2.289000E-09
20.0,-2.237000E-09
20.0,-2.426000E-09
22.0,-2.677000E-09
22.0,-2.512000E-09
22.0,-2.698000E-09
22.0,-2.516000E-09
22.0,-2.664000E-09
22.0,-2.497000E-09
22.0,-2.597000E-09
22.0,-2.628000E-09
22.0,-2.514000E-09
22.0,-2.591000E-09
24.0,-2.843000E-09
24.0,-2.680000E-09
24.0,-2.989000E-09
24.0,-2.815000E-09
24.0,-2.983000E-09
24.0,-2.898000E-09
24.0,-3.037000E-09
24.0,-2.732000E-09
24.0,-2.942000E-09
24.0,-2.743000E-09
26.0,-3.028000E-09
26.0,-3.304000E-09
26.0,-3.153000E-09
26.0,-3.325000E-09
26.0,-3.231000E-09
26.0,-3.219000E-09
26.0,-3.239000E-09
26.0,-3.117000E-09
26.0,-3.410000E-09
26.0,-3.080000E-09
28.0,-3.538000E-09
28.0,-3.462000E-09
28.0,-3.688000E-09
28.0,-3.504000E-09
28.0,-3.617000E-09
28.0,-3.454000E-09
28.0,-3.616000E-09
28.0,-3.376000E-09
28.0,-3.572000E-09
28.0,-3.648000E-09
30.0,-4.177000E-09
30.0,-4.058000E-09
30.0,-4.053000E-09
30.0,-4.113000E-09
30.0,-3.960000E-09
30.0,-4.182000E-09
30.0,-4.005000E-09
30.0,-4.152000E-09
30.0,-4.076000E-09
30.0,-4.157000E-09
30.0,-4.035000E-09
30.0,-4.063000E-09
30.0,-3.926000E-09
30.0,-4.142000E-09
30.0,-3.984000E-09
30.0,-4.131000E-09
30.0,-4.034000E-09
30.0,-4.185000E-09
30.0,-3.918000E-09
30.0,-4.095000E-09
30.2,-4.034000E-09
30.2,-4.176000E-09
30.2,-4.142000E-09
30.2,-4.157000E-09
30.2,-4.136000E-09
30.2,-3.994000E-09
30.2,-4.301000E-09
30.2,-4.036000E-09
30.2,-4.175000E-09
30.2,-4.082000E-09
30.4,-4.323000E-09
30.4,-4.182000E-09
30.4,-4.325000E-09
30.4,-4.099000E-09
30.4,-4.193000E-09
30.4,-4.116000E-09
30.4,-4.197000E-09
30.4,-3.999000E-09
30.4,-4.156000E-09
30.4,-4.047000E-09
30.6,-4.121000E-09
30.6,-4.289000E-09
30.6,-4.122000E-09
30.6,-4.311000E-09
30.6,-4.172000E-09
30.6,-4.268000E-09
30.6,-4.126000E-09
30.6,-4.285000E-09
30.6,-4.130000E-09
30.6,-4.406000E-09
30.8,-4.304000E-09
30.8,-4.291000E-09
30.8,-4.283000E-09
30.8,-4.221000E-09
30.8,-4.420000E-09
30.8,-4.158000E-09
30.8,-4.429000E-09
30.8,-4.161000E-09
30.8,-4.351000E-09
30.8,-4.263000E-09
31.0,-4.310000E-09
31.0,-4.371000E-09
31.0,-4.523000E-09
31.0,-4.298000E-09
31.0,-4.459000E-09
31.0,-4.270000E-09
31.0,-4.389000E-09
31.0,-4.153000E-09
31.0,-4.376000E-09
31.0,-4.225000E-09
31.2,-4.471000E-09
31.2,-4.310000E-09
31.2,-4.362000E-09
31.2,-4.402000E-09
31.2,-4.311000E-09
31.2,-4.528000E-09
31.2,-4.205000E-09
31.2,-4.418000E-09
31.2,-4.399000E-09
31.2,-4.349000E-09
31.4,-4.476000E-09
31.4,-4.661000E-09
31.4,-4.303000E-09
31.4,-4.484000E-09
31.4,-4.390000E-09
31.4,-4.694000E-09
31.4,-4.311000E-09
31.4,-4.435000E-09
31.4,-4.366000E-09
31.4,-4.617000E-09
31.6,-4.540000E-09
31.6,-4.483000E-09
31.6,-4.650000E-09
31.6,-4.368000E-09
31.6,-4.639000E-09
31.6,-4.434000E-09
31.6,-4.714000E-09
31.6,-4.395000E-09
31.6,-4.683000E-09
31.6,-4.564000E-09
31.8,-4.542000E-09
31.8,-4.548000E-09
31.8,-4.625000E-09
31.8,-4.498000E-09
31.8,-4.476000E-09
31.8,-4.768000E-09
31.8,-4.420000E-09
31.8,-4.650000E-09
31.8,-4.589000E-09
31.8,-4.726000E-09
32.0,-4.589000E-09
32.0,-4.802000E-09
32.0,-4.521000E-09
32.0,-4.640000E-09
32.0,-4.611000E-09
32.0,-4.765000E-09
32.0,-4.706000E-09
32.0,-4.519000E-09
32.0,-4.789000E-09
32.0,-4.522000E-09
32.2,-4.764000E-09
32.2,-4.663000E-09
32.2,-4.802000E-09
32.2,-4.797000E-09
32.2,-4.632000E-09
32.2,-4.689000E-09
32.2,-4.672000E-09
32.2,-4.808000E-09
32.2,-4.646000E-09
32.2,-4.848000E-09
32.4,-4.781000E-09
32.4,-4.805000E-09
32.4,-4.762000E-09
32.4,-4.756000E-09
32.4,-4.910000E-09
32.4,-4.737000E-09
32.4,-4.861000E-09
32.4,-4.719000E-09
32.4,-4.854000E-09
32.4,-4.696000E-09
32.6,-5.014000E-09
32.6,-5.087000E-09
32.6,-4.773000E-09
32.6,-5.004000E-09
32.6,-4.899000E-09
32.6,-5.120000E-09
32.6,-4.805000E-09
32.6,-4.998000E-09
32.6,-4.964000E-09
32.6,-4.999000E-09
32.8,-5.855000E-09
32.8,-5.935000E-09
32.8,-5.521000E-09
32.8,-5.775000E-09
32.8,-6.014000E-09
32.8,-5.894000E-09
32.8,-6.143000E-09
32.8,-5.859000E-09
32.8,-5.823000E-09
32.8,-5.914000E-09
33.0,-7.436000E-09
33.0,-7.696000E-09
33.0,-7.675000E-09
33.0,-7.232000E-09
33.0,-7.600000E-09
33.0,-7.169000E-09
33.0,-7.529000E-09
33.0,-7.137000E-09
33.0,-6.827000E-09
33.0,-7.158000E-09
33.2,-9.209000E-09
33.2,-9.289000E-09
33.2,-9.190000E-09
33.2,-9.805000E-09
33.2,-9.123000E-09
33.2,-9.165000E-09
33.2,-9.213000E-09
33.2,-8.719000E-09
33.2,-9.151000E-09
33.2,-9.036000E-09
33.4,-1.118400E-08
33.4,-1.209500E-08
33.4,-1.208800E-08
33.4,-1.247000E-08
33.4,-1.215700E-08
33.4,-1.226600E-08
33.4,-1.065000E-08
33.4,-1.130800E-08
33.4,-1.176600E-08
33.4,-1.248900E-08
33.6,-1.450700E-08
33.6,-1.516400E-08
33.6,-1.553200E-08
33.6,-1.449400E-08
33.6,-1.476800E-08
33.6,-1.568000E-08
33.6,-1.476800E-08
33.6,-1.550900E-08
33.6,-1.492800E-08
33.6,-1.449100E-08
33.8,-1.863500E-08
33.8,-1.815300E-08
33.8,-1.848000E-08
33.8,-1.773400E-08
33.8,-1.875700E-08
33.8,-1.887000E-08
33.8,-1.875800E-08
33.8,-1.805900E-08
33.8,-1.922100E-08
33.8,-1.793300E-08
34.0,-2.264800E-08
34.0,-2.257500E-08
34.0,-2.082600E-08
34.0,-2.324000E-08
34.0,-2.162700E-08
34.0,-2.140600E-08
34.0,-2.078700E-08
34.0,-2.194900E-08
34.0,-2.291900E-08
34.0,-2.128800E-08
34.2,-2.869800E-08
34.2,-2.607000E-08
34.2,-2.806600E-08
34.2,-2.723700E-08
34.2,-2.729600E-08
34.2,-2.718200E-08
34.2,-2.785200E-08
34.2,-2.861500E-08
34.2,-2.577500E-08
34.2,-2.560100E-08
34.4,-3.148000E-08
34.4,-3.129500E-08
34.4,-3.243200E-08
34.4,-3.291200E-08
34.4,-3.184600E-08
34.4,-3.415200E-08
34.4,-3.164100E-08
34.4,-3.139400E-08
34.4,-2.984900E-08
34.4,-3.273900E-08
34.6,-3.640300E-08
34.6,-3.830600E-08
34.6,-3.799600E-08
34.6,-3.791700E-08
34.6,-3.787500E-08
34.6,-3.812800E-08
34.6,-4.056900E-08
34.6,-3.444100E-08
34.6,-3.633600E-08
34.6,-3.658300E-08
34.8,-4.299400E-08
34.8,-4.541500E-08
34.8,-4.593200E-08
34.8,-4.351400E-08
34.8,-4.672100E-08
34.8,-4.196900E-08
34.8,-4.397400E-08
34.8,-4.529500E-08
34.8,-4.301000E-08
34.8,-4.159900E-08
35.0,-4.835700E-08
35.0,-4.998700E-08
35.0,-4.668200E-08
35.0,-5.207400E-08
35.0,-4.795700E-08
35.0,-4.948000E-08
35.0,-4.919400E-08
35.0,-4.969500E-08
35.0,-5.373200E-08
35.0,-4.895600E-08
35.2,-5.701600E-08
35.2,-5.837400E-08
35.2,-5.778700E-08
35.2,-6.290900E-08
35.2,-5.782400E-08
35.2,-5.948800E-08
35.2,-5.466700E-08
35.2,-5.910900E-08
35.2,-6.039000E-08
35.2,-5.577500E-08
35.4,-6.297200E-08
35.4,-6.666600E-08
35.4,-6.552600E-08
35.4,-6.134300E-08
35.4,-6.368100E-08
35.4,-6.416000E-08
35.4,-6.260100E-08
35.4,-6.324400E-08
35.4,-6.643200E-08
35.4,-6.058500E-08
35.6,-7.039500E-08
35.6,-7.856800E-08
35.6,-7.206100E-08
35.6,-7.661400E-08
35.6,-7.362200E-08
35.6,-7.624900E-08
35.6,-7.423300E-08
35.6,-7.825900E-08
35.6,-7.289100E-08
35.6,-7.455800E-08
35.8,-7.984000E-08
35.8,-8.384000E-08
35.8,-8.195400E-08
35.8,-7.852100E-08
35.8,-8.360500E-08
35.8,-8.168700E-08
35.8,-8.027500E-08
35.8,-8.850700E-08
35.8,-7.942000E-08
35.8,-8.229500E-08
36.0,-9.632500E-08
36.0,-9.031400E-08
36.0,-9.029200E-08
36.0,-8.189700E-08
36.0,-8.699800E-08
36.0,-9.373400E-08
36.0,-9.424400E-08
36.0,-8.781700E-08
36.0,-8.610300E-08
36.0,-9.603600E-08
36.2,-1.044710E-07
36.2,-9.996500E-08
36.2,-1.014120E-07
36.2,-1.024000E-07
36.2,-9.872500E-08
36.2,-1.008350E-07
36.2,-9.828600E-08
36.2,-9.668800E-08
36.2,-1.035660E-07
36.2,-9.914900E-08
36.4,-1.131720E-07
36.4,-1.087480E-07
36.4,-1.134380E-07
36.4,-1.084320E-07
36.4,-1.126680E-07
36.4,-1.109810E-07
36.4,-1.159380E-07
36.4,-1.106620E-07
36.4,-1.116810E-07
36.4,-1.031000E-07
36.6,-1.177640E-07
36.6,-1.234260E-07
36.6,-1.189340E-07
36.6,-1.191290E-07
36.6,-1.196070E-07
36.6,-1.226290E-07
36.6,-1.185450E-07
36.6,-1.215340E-07
36.6,-1.249350E-07
36.6,-1.183680E-07
36.8,-1.232920E-07
36.8,-1.354350E-07
36.8,-1.281250E-07
36.8,-1.354870E-07
36.8,-1.337410E-07
36.8,-1.400980E-07
36.8,-1.240280E-07
36.8,-1.268120E-07
36.8,-1.390470E-07
36.8,-1.271130E-07
37.0,-1.404240E-07
37.0,-1.419210E-07
37.0,-1.340700E-07
37.0,-1.429950E-07
37.0,-1.417680E-07
37.0,-1.424680E-07
37.0,-1.403180E-07
37.0,-1.382870E-07
37.0,-1.412620E-07
37.0,-1.462650E-07
37.2,-1.498890E-07
37.2,-1.474230E-07
37.2,-1.531840E-07
37.2,-1.478290E-07
37.2,-1.590130E-07
37.2,-1.472760E-07
37.2,-1.563010E-07
37.2,-1.559240E-07
37.2,-1.605170E-07
37.2,-1.564310E-07
37.4,-1.693390E-07
37.4,-1.662250E-07
37.4,-1.627780E-07
37.4,-1.651760E-07
37.4,-1.589860E-07
37.4,-1.665900E-07
37.4,-1.693530E-07
37.4,-1.688730E-07
37.4,-1.745200E-07
37.4,-1.617960E-07
37.6,-1.730980E-07
37.6,-1.860770E-07
37.6,-1.683150E-07
37.6,-1.806390E-07
37.6,-1.811120E-07
37.6,-1.800860E-07
37.6,-1.817220E-07
37.6,-1.809560E-07
37.6,-1.831410E-07
37.6,-1.693860E-07
37.8,-1.956290E-07
37.8,-1.889270E-07
37.8,-1.936610E-07
37.8,-1.805960E-07
37.8,-1.945320E-07
37.8,-1.943530E-07
37.8,-1.929950E-07
37.8,-1.916090E-07
37.8,-1.914520E-07
37.8,-1.953740E-07
38.0,-1.943260E-07
38.0,-2.109310E-07
38.0,-2.016190E-07
38.0,-1.948680E-07
38.0,-2.091370E-07
38.0,-2.096660E-07
38.0,-2.002460E-07
38.0,-2.080150E-07
38.0,-2.088390E-07
38.0,-2.133680E-07
38.2,-2.296110E-07
38.2,-2.211360E-07
38.2,-2.203960E-07
38.2,-2.100480E-07
38.2,-2.180630E-07
38.2,-2.125050E-07
38.2,-2.197800E-07
38.2,-2.141230E-07
38.2,-2.141850E-07
38.2,-2.179530E-07
38.4,-2.390980E-07
38.4,-2.334040E-07
38.4,-2.320320E-07
38.4,-2.309230E-07
38.4,-2.296210E-07
38.4,-2.294640E-07
38.4,-2.246250E-07
38.4,-2.382540E-07
38.4,-2.397330E-07
38.4,-2.222460E-07
38.6,-2.524810E-07
38.6,-2.518660E-07
38.6,-2.449970E-07
38.6,-2.521360E-07
38.6,-2.480690E-07
38.6,-2.394650E-07
38.6,-2.580180E-07
38.6,-2.494020E-07
38.6,-2.536310E-07
38.6,-2.598970E-07
38.8,-2.633300E-07
38.8,-2.598710E-07
38.8,-2.640840E-07
38.8,-2.527260E-07
38.8,-2.536960E-07
38.8,-2.624050E-07
38.8,-2.531870E-07
38.8,-2.663590E-07
38.8,-2.699720E-07
38.8,-2.479900E-07
39.0,-2.898040E-07
39.0,-2.809620E-07
39.0,-2.844460E-07
39.0,-2.911990E-07
39.0,-2.812930E-07
39.0,-2.805720E-07
39.0,-2.968990E-07
39.0,-2.918010E-07
39.0,-2.906290E-07
39.0,-2.852760E-07
39.2,-2.910030E-07
39.2,-3.051890E-07
39.2,-2.858240E-07
39.2,-2.933090E-07
39.2,-2.733220E-07
39.2,-3.009480E-07
39.2,-3.050250E-07
39.2,-3.039280E-07
39.2,-2.964710E-07
39.2,-3.004280E-07
39.4,-3.287020E-07
39.4,-3.083210E-07
39.4,-3.212160E-07
39.4,-3.253100E-07
39.4,-3.083350E-07
39.4,-3.201800E-07
39.4,-3.037900E-07
39.4,-3.182840E-07
39.4,-3.089280E-07
39.4,-3.055190E-07
39.6,-3.299430E-07
39.6,-3.248660E-07
39.6,-3.266680E-07
39.6,-3.204300E-07
39.6,-3.338660E-07
39.6,-3.405820E-07
39.6,-3.357870E-07
39.6,-3.233450E-07
39.6,-3.298220E-07
39.6,-3.369410E-07
39.8,-3.471290E-07
39.8,-3.546550E-07
39.8,-3.326790E-07
39.8,-3.535780E-07
39.8,-3.502700E-07
39.8,-3.549320E-07
39.8,-3.656610E-07
39.8,-3.599470E-07
39.8,-3.415690E-07
39.8,-3.414380E-07
40.0,-3.712020E-07
40.0,-3.620290E-07
40.0,-3.670280E-07
40.0,-3.535460E-07
40.0,-3.695530E-07
40.0,-3.941480E-07
40.0,-3.775690E-07
40.0,-3.745620E-07
40.0,-3.664180E-07
40.0,-3.710810E-07
40.2,-3.925350E-07
40.2,-3.862180E-07
40.2,-3.699870E-07
40.2,-3.799090E-07
40.2,-3.903760E-07
40.2,-4.049390E-07
40.2,-3.832100E-07
40.2,-3.952570E-07
40.2,-3.997500E-07
40.2,-3.825190E-07
40.4,-4.076770E-07
40.4,-4.170770E-07
40.4,-4.233650E-07
40.4,-4.337490E-07
40.4,-4.032510E-07
40.4,-4.187660E-07
40.4,-4.186350E-07
40.4,-4.151500E-07
40.4,-4.327560E-07
40.4,-4.120860E-07
40.6,-4.412220E-07
40.6,-4.395300E-07
40.6,-4.348780E-07
40.6,-4.583780E-07
40.6,-4.174580E-07
40.6,-4.404850E-07
40.6,-4.308580E-07
40.6,-4.558030E-07
40.6,-4.465610E-07
40.6,-4.368380E-07
40.8,-4.729950E-07
40.8,-4.479230E-07
40.8,-4.819350E-07
40.8,-4.642910E-07
40.8,-4.493500E-07
40.8,-4.575620E-07
40.8,-4.841260E-07
40.8,-4.773010E-07
40.8,-4.842480E-07
40.8,-4.639890E-07
41.0,-4.857240E-07
41.0,-5.001970E-07
41.0,-4.897800E-07
41.0,-4.914170E-07
41.0,-4.824490E-07
41.0,-4.904810E-07
41.0,-4.837340E-07
41.0,-4.890960E-07
41.0,-5.048460E-07
41.0,-4.767700E-07
41.2,-4.959550E-07
41.2,-5.140760E-07
41.2,-5.061410E-07
41.2,-5.153850E-07
41.2,-5.233150E-07
41.2,-5.135620E-07
41.2,-5.006890E-07
41.2,-5.174810E-07
41.2,-5.308000E-07
41.2,-5.163100E-07
41.4,-5.218570E-07
41.4,-5.344870E-07
41.4,-5.409050E-07
41.4,-5.556770E-07
41.4,-5.607120E-07
41.4,-5.680030E-07
41.4,-5.275510E-07
41.4,-5.534450E-07
41.4,-5.305280E-07
41.4,-5.456310E-07
41.6,-5.747380E-07
41.6,-5.682360E-07
41.6,-5.802080E-07
41.6,-5.758500E-07
41.6,-5.741680E-07
41.6,-5.825770E-07
41.6,-5.656740E-07
41.6,-5.902880E-07
41.6,-5.737290E-07
41.6,-5.810050E-07
41.8,-6.256710E-07
41.8,-6.239570E-07
41.8,-6.179250E-07
41.8,-6.236500E-07
41.8,-6.293480E-07
41.8,-6.021240E-07
41.8,-6.107790E-07
41.8,-6.186990E-07
41.8,-6.302100E-07
41.8,-6.262010E-07
42.0,-6.922250E-07
42.0,-6.761510E-07
42.0,-6.759170E-07
42.0,-6.430640E-07
42.0,-6.724740E-07
42.0,-6.502220E-07
42.0,-6.156440E-07
42.0,-6.786710E-07
42.0,-6.466650E-07
42.0,-6.652480E-07
