#2024-07-15 16:42:18.507176, Temp:  26.3°C, Humi: 54.3 %
Sourced_voltage,Channel_Current
-1.5,+7.780170E-04
-1.5,+7.780240E-04
-1.5,+7.780150E-04
-1.5,+7.780180E-04
-1.5,+7.780130E-04
-1.5,+7.780190E-04
-1.5,+7.780160E-04
-1.5,+7.780330E-04
-1.5,+7.780150E-04
-1.5,+7.780190E-04
-1.4,+6.942460E-04
-1.4,+6.942460E-04
-1.4,+6.942470E-04
-1.4,+6.942430E-04
-1.4,+6.942340E-04
-1.4,+6.942280E-04
-1.4,+6.942430E-04
-1.4,+6.942520E-04
-1.4,+6.942410E-04
-1.4,+6.942470E-04
-1.3,+6.108690E-04
-1.3,+6.108590E-04
-1.3,+6.108560E-04
-1.3,+6.108520E-04
-1.3,+6.108650E-04
-1.3,+6.108480E-04
-1.3,+6.108630E-04
-1.3,+6.108560E-04
-1.3,+6.108490E-04
-1.3,+6.108590E-04
-1.2,+5.279930E-04
-1.2,+5.280130E-04
-1.2,+5.280090E-04
-1.2,+5.279850E-04
-1.2,+5.279950E-04
-1.2,+5.280050E-04
-1.2,+5.280020E-04
-1.2,+5.279950E-04
-1.2,+5.279960E-04
-1.2,+5.280040E-04
-1.1,+4.458370E-04
-1.1,+4.458350E-04
-1.1,+4.458410E-04
-1.1,+4.458270E-04
-1.1,+4.458350E-04
-1.1,+4.458430E-04
-1.1,+4.458280E-04
-1.1,+4.458280E-04
-1.1,+4.458340E-04
-1.1,+4.458340E-04
-1.0,+3.645940E-04
-1.0,+3.645730E-04
-1.0,+3.645740E-04
-1.0,+3.645730E-04
-1.0,+3.645820E-04
-1.0,+3.645920E-04
-1.0,+3.645710E-04
-1.0,+3.645760E-04
-1.0,+3.645790E-04
-1.0,+3.645710E-04
-0.8999999999999999,+2.846630E-04
-0.8999999999999999,+2.846470E-04
-0.8999999999999999,+2.846580E-04
-0.8999999999999999,+2.846470E-04
-0.8999999999999999,+2.846520E-04
-0.8999999999999999,+2.846500E-04
-0.8999999999999999,+2.846480E-04
-0.8999999999999999,+2.846510E-04
-0.8999999999999999,+2.846480E-04
-0.8999999999999999,+2.846480E-04
-0.7999999999999999,+2.068100E-04
-0.7999999999999999,+2.067920E-04
-0.7999999999999999,+2.068000E-04
-0.7999999999999999,+2.067900E-04
-0.7999999999999999,+2.068090E-04
-0.7999999999999999,+2.067850E-04
-0.7999999999999999,+2.067950E-04
-0.7999999999999999,+2.067930E-04
-0.7999999999999999,+2.067910E-04
-0.7999999999999999,+2.067940E-04
-0.7,+1.325380E-04
-0.7,+1.325150E-04
-0.7,+1.325270E-04
-0.7,+1.325340E-04
-0.7,+1.325330E-04
-0.7,+1.325310E-04
-0.7,+1.325310E-04
-0.7,+1.325390E-04
-0.7,+1.325210E-04
-0.7,+1.325230E-04
-0.6,+6.550730E-05
-0.6,+6.558810E-05
-0.6,+6.557540E-05
-0.6,+6.557870E-05
-0.6,+6.557770E-05
-0.6,+6.559460E-05
-0.6,+6.559720E-05
-0.6,+6.558550E-05
-0.6,+6.559360E-05
-0.6,+6.557660E-05
-0.5,+1.689470E-05
-0.5,+1.689370E-05
-0.5,+1.689530E-05
-0.5,+1.689620E-05
-0.5,+1.689350E-05
-0.5,+1.689160E-05
-0.5,+1.690330E-05
-0.5,+1.689470E-05
-0.5,+1.689890E-05
-0.5,+1.689640E-05
-0.3999999999999999,+1.364340E-06
-0.3999999999999999,+1.364380E-06
-0.3999999999999999,+1.364890E-06
-0.3999999999999999,+1.364220E-06
-0.3999999999999999,+1.364290E-06
-0.3999999999999999,+1.364950E-06
-0.3999999999999999,+1.364340E-06
-0.3999999999999999,+1.364740E-06
-0.3999999999999999,+1.364290E-06
-0.3999999999999999,+1.364080E-06
-0.2999999999999998,+8.553100E-08
-0.2999999999999998,+8.568300E-08
-0.2999999999999998,+8.556500E-08
-0.2999999999999998,+8.564600E-08
-0.2999999999999998,+8.565700E-08
-0.2999999999999998,+8.556000E-08
-0.2999999999999998,+8.570200E-08
-0.2999999999999998,+8.550300E-08
-0.2999999999999998,+8.567800E-08
-0.2999999999999998,+8.550700E-08
-0.19999999999999996,+6.569000E-09
-0.19999999999999996,+6.715000E-09
-0.19999999999999996,+6.581000E-09
-0.19999999999999996,+6.679000E-09
-0.19999999999999996,+6.525000E-09
-0.19999999999999996,+6.732000E-09
-0.19999999999999996,+6.563000E-09
-0.19999999999999996,+6.728000E-09
-0.19999999999999996,+6.562000E-09
-0.19999999999999996,+6.728000E-09
-0.09999999999999987,+4.040000E-10
-0.09999999999999987,+6.010000E-10
-0.09999999999999987,+5.630000E-10
-0.09999999999999987,+3.720000E-10
-0.09999999999999987,+4.750000E-10
-0.09999999999999987,+5.100000E-10
-0.09999999999999987,+3.580000E-10
-0.09999999999999987,+5.630000E-10
-0.09999999999999987,+3.830000E-10
-0.09999999999999987,+4.960000E-10
0.0,+7.000000E-12
0.0,-8.200000E-11
0.0,+4.200000E-11
0.0,-1.590000E-10
0.0,+1.220000E-10
0.0,-4.800000E-11
0.0,+2.700000E-11
0.0,-8.500000E-11
0.0,+8.000000E-11
0.0,+4.300000E-11
0.0,+1.700000E-11
0.0,+7.200000E-11
0.0,-1.100000E-10
0.0,+9.800000E-11
0.0,-1.100000E-10
0.0,+1.040000E-10
0.0,-1.380000E-10
0.0,+7.300000E-11
0.0,-9.500000E-11
0.0,-5.200000E-11
2.0,-6.000000E-10
2.0,-4.490000E-10
2.0,-6.370000E-10
2.0,-3.580000E-10
2.0,-5.910000E-10
2.0,-4.130000E-10
2.0,-5.040000E-10
2.0,-4.530000E-10
2.0,-4.310000E-10
2.0,-5.740000E-10
4.0,-8.840000E-10
4.0,-7.350000E-10
4.0,-8.840000E-10
4.0,-7.810000E-10
4.0,-8.440000E-10
4.0,-7.220000E-10
4.0,-8.930000E-10
4.0,-7.040000E-10
4.0,-9.010000E-10
4.0,-7.540000E-10
6.0,-1.140000E-09
6.0,-1.170000E-09
6.0,-9.510000E-10
6.0,-1.108000E-09
6.0,-1.012000E-09
6.0,-1.130000E-09
6.0,-1.060000E-09
6.0,-1.096000E-09
6.0,-1.002000E-09
6.0,-1.128000E-09
8.0,-1.214000E-09
8.0,-1.448000E-09
8.0,-1.244000E-09
8.0,-1.365000E-09
8.0,-1.260000E-09
8.0,-1.263000E-09
8.0,-1.460000E-09
8.0,-1.209000E-09
8.0,-1.466000E-09
8.0,-1.209000E-09
10.0,-1.476000E-09
10.0,-1.667000E-09
10.0,-1.498000E-09
10.0,-1.715000E-09
10.0,-1.473000E-09
10.0,-1.707000E-09
10.0,-1.475000E-09
10.0,-1.642000E-09
10.0,-1.508000E-09
10.0,-1.532000E-09
12.0,-1.744000E-09
12.0,-1.910000E-09
12.0,-1.725000E-09
12.0,-1.975000E-09
12.0,-1.756000E-09
12.0,-1.935000E-09
12.0,-1.885000E-09
12.0,-1.819000E-09
12.0,-1.945000E-09
12.0,-1.729000E-09
14.0,-2.045000E-09
14.0,-2.056000E-09
14.0,-2.103000E-09
14.0,-2.062000E-09
14.0,-2.072000E-09
14.0,-2.006000E-09
14.0,-2.165000E-09
14.0,-2.012000E-09
14.0,-2.143000E-09
14.0,-2.042000E-09
16.0,-2.177000E-09
16.0,-2.443000E-09
16.0,-2.380000E-09
16.0,-2.231000E-09
16.0,-2.412000E-09
16.0,-2.227000E-09
16.0,-2.293000E-09
16.0,-2.328000E-09
16.0,-2.221000E-09
16.0,-2.394000E-09
18.0,-2.636000E-09
18.0,-2.533000E-09
18.0,-2.564000E-09
18.0,-2.623000E-09
18.0,-2.573000E-09
18.0,-2.697000E-09
18.0,-2.511000E-09
18.0,-2.740000E-09
18.0,-2.460000E-09
18.0,-2.670000E-09
20.0,-2.816000E-09
20.0,-2.953000E-09
20.0,-2.812000E-09
20.0,-2.999000E-09
20.0,-2.841000E-09
20.0,-2.950000E-09
20.0,-2.866000E-09
20.0,-2.926000E-09
20.0,-2.864000E-09
20.0,-2.990000E-09
22.0,-3.321000E-09
22.0,-3.151000E-09
22.0,-3.326000E-09
22.0,-3.133000E-09
22.0,-3.398000E-09
22.0,-3.185000E-09
22.0,-3.405000E-09
22.0,-3.177000E-09
22.0,-3.278000E-09
22.0,-3.366000E-09
24.0,-3.824000E-09
24.0,-3.528000E-09
24.0,-3.844000E-09
24.0,-3.526000E-09
24.0,-3.845000E-09
24.0,-3.574000E-09
24.0,-3.608000E-09
24.0,-3.753000E-09
24.0,-3.431000E-09
24.0,-3.754000E-09
26.0,-4.011000E-09
26.0,-4.253000E-09
26.0,-4.038000E-09
26.0,-4.088000E-09
26.0,-3.989000E-09
26.0,-4.241000E-09
26.0,-4.053000E-09
26.0,-4.261000E-09
26.0,-4.004000E-09
26.0,-4.085000E-09
28.0,-4.669000E-09
28.0,-4.595000E-09
28.0,-4.514000E-09
28.0,-4.780000E-09
28.0,-4.564000E-09
28.0,-4.844000E-09
28.0,-4.588000E-09
28.0,-4.658000E-09
28.0,-4.657000E-09
28.0,-4.712000E-09
30.0,-5.455000E-09
30.0,-5.326000E-09
30.0,-5.510000E-09
30.0,-5.378000E-09
30.0,-5.491000E-09
30.0,-5.333000E-09
30.0,-5.376000E-09
30.0,-5.435000E-09
30.0,-5.308000E-09
30.0,-5.498000E-09
30.0,-5.434000E-09
30.0,-5.321000E-09
30.0,-5.569000E-09
30.0,-5.257000E-09
30.0,-5.467000E-09
30.0,-5.301000E-09
30.0,-5.317000E-09
30.0,-5.403000E-09
30.0,-5.286000E-09
30.0,-5.496000E-09
30.2,-5.276000E-09
30.2,-5.582000E-09
30.2,-5.250000E-09
30.2,-5.459000E-09
30.2,-5.417000E-09
30.2,-5.249000E-09
30.2,-5.476000E-09
30.2,-5.169000E-09
30.2,-5.504000E-09
30.2,-5.331000E-09
30.4,-5.435000E-09
30.4,-5.479000E-09
30.4,-5.450000E-09
30.4,-5.661000E-09
30.4,-5.336000E-09
30.4,-5.661000E-09
30.4,-5.341000E-09
30.4,-5.766000E-09
30.4,-5.451000E-09
30.4,-5.453000E-09
30.6,-5.586000E-09
30.6,-5.625000E-09
30.6,-5.569000E-09
30.6,-5.416000E-09
30.6,-5.695000E-09
30.6,-5.500000E-09
30.6,-5.616000E-09
30.6,-5.500000E-09
30.6,-5.475000E-09
30.6,-5.661000E-09
30.8,-5.579000E-09
30.8,-5.755000E-09
30.8,-5.521000E-09
30.8,-5.654000E-09
30.8,-5.604000E-09
30.8,-5.803000E-09
30.8,-5.654000E-09
30.8,-5.740000E-09
30.8,-5.564000E-09
30.8,-5.579000E-09
31.0,-5.640000E-09
31.0,-5.722000E-09
31.0,-5.763000E-09
31.0,-5.884000E-09
31.0,-5.617000E-09
31.0,-5.838000E-09
31.0,-5.555000E-09
31.0,-5.843000E-09
31.0,-5.656000E-09
31.0,-5.802000E-09
31.2,-5.610000E-09
31.2,-5.970000E-09
31.2,-5.656000E-09
31.2,-6.006000E-09
31.2,-5.716000E-09
31.2,-5.863000E-09
31.2,-5.816000E-09
31.2,-5.857000E-09
31.2,-5.842000E-09
31.2,-5.739000E-09
31.4,-5.993000E-09
31.4,-5.839000E-09
31.4,-6.089000E-09
31.4,-5.948000E-09
31.4,-5.920000E-09
31.4,-5.875000E-09
31.4,-5.812000E-09
31.4,-6.027000E-09
31.4,-5.725000E-09
31.4,-6.058000E-09
31.6,-5.924000E-09
31.6,-5.892000E-09
31.6,-6.082000E-09
31.6,-5.943000E-09
31.6,-6.088000E-09
31.6,-6.069000E-09
31.6,-6.216000E-09
31.6,-5.821000E-09
31.6,-6.088000E-09
31.6,-5.901000E-09
31.8,-6.152000E-09
31.8,-6.032000E-09
31.8,-6.168000E-09
31.8,-5.910000E-09
31.8,-6.174000E-09
31.8,-5.959000E-09
31.8,-6.420000E-09
31.8,-6.016000E-09
31.8,-6.277000E-09
31.8,-6.085000E-09
32.0,-6.272000E-09
32.0,-6.231000E-09
32.0,-6.089000E-09
32.0,-6.331000E-09
32.0,-6.140000E-09
32.0,-6.339000E-09
32.0,-6.111000E-09
32.0,-6.206000E-09
32.0,-6.143000E-09
32.0,-6.127000E-09
32.2,-6.355000E-09
32.2,-6.154000E-09
32.2,-6.390000E-09
32.2,-6.302000E-09
32.2,-6.361000E-09
32.2,-6.344000E-09
32.2,-6.397000E-09
32.2,-6.292000E-09
32.2,-6.466000E-09
32.2,-6.240000E-09
32.4,-6.291000E-09
32.4,-6.482000E-09
32.4,-6.452000E-09
32.4,-6.211000E-09
32.4,-6.481000E-09
32.4,-6.305000E-09
32.4,-6.474000E-09
32.4,-6.404000E-09
32.4,-6.542000E-09
32.4,-6.328000E-09
32.6,-7.157000E-09
32.6,-6.578000E-09
32.6,-7.095000E-09
32.6,-6.805000E-09
32.6,-6.997000E-09
32.6,-7.008000E-09
32.6,-7.032000E-09
32.6,-6.902000E-09
32.6,-6.897000E-09
32.6,-6.907000E-09
32.8,-7.978000E-09
32.8,-7.957000E-09
32.8,-7.884000E-09
32.8,-8.322000E-09
32.8,-8.139000E-09
32.8,-7.575000E-09
32.8,-8.115000E-09
32.8,-8.069000E-09
32.8,-8.129000E-09
32.8,-7.877000E-09
33.0,-9.251000E-09
33.0,-9.907000E-09
33.0,-9.518000E-09
33.0,-9.136000E-09
33.0,-9.771000E-09
33.0,-9.539000E-09
33.0,-9.693000E-09
33.0,-9.462000E-09
33.0,-1.034700E-08
33.0,-9.809000E-09
33.2,-1.272800E-08
33.2,-1.261500E-08
33.2,-1.200600E-08
33.2,-1.268000E-08
33.2,-1.056900E-08
33.2,-1.271200E-08
33.2,-1.216800E-08
33.2,-1.139800E-08
33.2,-1.193400E-08
33.2,-1.092200E-08
33.4,-1.594300E-08
33.4,-1.421000E-08
33.4,-1.457200E-08
33.4,-1.479500E-08
33.4,-1.498600E-08
33.4,-1.471500E-08
33.4,-1.453300E-08
33.4,-1.474500E-08
33.4,-1.516200E-08
33.4,-1.403000E-08
33.6,-1.744500E-08
33.6,-1.792500E-08
33.6,-1.760400E-08
33.6,-1.710500E-08
33.6,-1.778100E-08
33.6,-1.789500E-08
33.6,-1.704400E-08
33.6,-1.753900E-08
33.6,-1.765400E-08
33.6,-1.869200E-08
33.8,-2.189000E-08
33.8,-1.948800E-08
33.8,-2.177800E-08
33.8,-2.301900E-08
33.8,-2.156500E-08
33.8,-2.173000E-08
33.8,-2.025900E-08
33.8,-2.054900E-08
33.8,-2.066100E-08
33.8,-2.142800E-08
34.0,-2.346700E-08
34.0,-2.463900E-08
34.0,-2.533200E-08
34.0,-2.607500E-08
34.0,-2.426300E-08
34.0,-2.451600E-08
34.0,-2.421100E-08
34.0,-2.497100E-08
34.0,-2.449700E-08
34.0,-2.556200E-08
34.2,-2.730300E-08
34.2,-3.005300E-08
34.2,-2.914600E-08
34.2,-3.034900E-08
34.2,-2.801700E-08
34.2,-3.067100E-08
34.2,-3.028400E-08
34.2,-2.923900E-08
34.2,-3.087700E-08
34.2,-2.943000E-08
34.4,-3.436900E-08
34.4,-3.552500E-08
34.4,-3.379200E-08
34.4,-3.451000E-08
34.4,-3.670300E-08
34.4,-3.593300E-08
34.4,-3.262400E-08
34.4,-3.554800E-08
34.4,-3.425600E-08
34.4,-3.197100E-08
34.6,-3.701300E-08
34.6,-4.181600E-08
34.6,-4.174100E-08
34.6,-4.342300E-08
34.6,-3.977500E-08
34.6,-3.899600E-08
34.6,-3.966900E-08
34.6,-4.017200E-08
34.6,-3.848200E-08
34.6,-3.930400E-08
34.8,-4.425500E-08
34.8,-4.375000E-08
34.8,-4.327100E-08
34.8,-4.344500E-08
34.8,-4.475400E-08
34.8,-4.554300E-08
34.8,-4.750400E-08
34.8,-4.712800E-08
34.8,-4.521400E-08
34.8,-4.561600E-08
35.0,-5.391000E-08
35.0,-5.438400E-08
35.0,-5.107200E-08
35.0,-5.175000E-08
35.0,-5.178200E-08
35.0,-5.212400E-08
35.0,-4.893900E-08
35.0,-5.386300E-08
35.0,-5.185500E-08
35.0,-5.382100E-08
35.2,-5.725600E-08
35.2,-6.133800E-08
35.2,-6.265900E-08
35.2,-5.791700E-08
35.2,-5.687500E-08
35.2,-5.651300E-08
35.2,-6.031300E-08
35.2,-5.985000E-08
35.2,-5.729200E-08
35.2,-6.009100E-08
35.4,-6.200200E-08
35.4,-6.524200E-08
35.4,-6.562600E-08
35.4,-6.854700E-08
35.4,-6.940200E-08
35.4,-6.654600E-08
35.4,-6.734600E-08
35.4,-6.826900E-08
35.4,-6.644400E-08
35.4,-6.624200E-08
35.6,-7.554700E-08
35.6,-7.754600E-08
35.6,-7.248400E-08
35.6,-7.580700E-08
35.6,-7.387600E-08
35.6,-7.767300E-08
35.6,-7.539100E-08
35.6,-8.087200E-08
35.6,-7.369700E-08
35.6,-7.296700E-08
35.8,-8.594000E-08
35.8,-8.424900E-08
35.8,-8.262600E-08
35.8,-7.930800E-08
35.8,-8.270600E-08
35.8,-7.990900E-08
35.8,-8.491700E-08
35.8,-8.280200E-08
35.8,-7.892800E-08
35.8,-7.980900E-08
36.0,-8.747200E-08
36.0,-9.416100E-08
36.0,-8.711700E-08
36.0,-8.716200E-08
36.0,-9.171100E-08
36.0,-9.048200E-08
36.0,-9.249200E-08
36.0,-8.584200E-08
36.0,-9.147400E-08
36.0,-8.658300E-08
36.2,-9.783600E-08
36.2,-9.461800E-08
36.2,-9.640100E-08
36.2,-1.007510E-07
36.2,-9.461800E-08
36.2,-1.001160E-07
36.2,-9.519800E-08
36.2,-9.868500E-08
36.2,-9.719300E-08
36.2,-9.619600E-08
36.4,-1.082400E-07
36.4,-1.154740E-07
36.4,-1.164620E-07
36.4,-1.093970E-07
36.4,-1.147000E-07
36.4,-1.070460E-07
36.4,-1.061010E-07
36.4,-1.044130E-07
36.4,-1.050250E-07
36.4,-1.074650E-07
36.6,-1.175460E-07
36.6,-1.154590E-07
36.6,-1.183310E-07
36.6,-1.198250E-07
36.6,-1.149790E-07
36.6,-1.205420E-07
36.6,-1.244420E-07
36.6,-1.130560E-07
36.6,-1.101340E-07
36.6,-1.185170E-07
36.8,-1.319040E-07
36.8,-1.317590E-07
36.8,-1.264320E-07
36.8,-1.314240E-07
36.8,-1.344230E-07
36.8,-1.407750E-07
36.8,-1.304530E-07
36.8,-1.293410E-07
36.8,-1.307720E-07
36.8,-1.291030E-07
37.0,-1.278580E-07
37.0,-1.396420E-07
37.0,-1.370190E-07
37.0,-1.328720E-07
37.0,-1.430940E-07
37.0,-1.367640E-07
37.0,-1.460780E-07
37.0,-1.433020E-07
37.0,-1.430110E-07
37.0,-1.351230E-07
37.2,-1.463610E-07
37.2,-1.592610E-07
37.2,-1.528390E-07
37.2,-1.541650E-07
37.2,-1.505520E-07
37.2,-1.536180E-07
37.2,-1.480880E-07
37.2,-1.473890E-07
37.2,-1.570460E-07
37.2,-1.497910E-07
37.4,-1.634510E-07
37.4,-1.591490E-07
37.4,-1.740340E-07
37.4,-1.676940E-07
37.4,-1.672250E-07
37.4,-1.578680E-07
37.4,-1.686760E-07
37.4,-1.560190E-07
37.4,-1.569790E-07
37.4,-1.649850E-07
37.6,-1.816050E-07
37.6,-1.778100E-07
37.6,-1.773040E-07
37.6,-1.810960E-07
37.6,-1.856590E-07
37.6,-1.773760E-07
37.6,-1.782860E-07
37.6,-1.729550E-07
37.6,-1.762970E-07
37.6,-1.678270E-07
37.8,-1.832400E-07
37.8,-1.922030E-07
37.8,-1.849010E-07
37.8,-1.953130E-07
37.8,-1.969800E-07
37.8,-1.789930E-07
37.8,-1.774810E-07
37.8,-1.868520E-07
37.8,-1.763530E-07
37.8,-1.830690E-07
38.0,-2.052370E-07
38.0,-1.960390E-07
38.0,-2.033770E-07
38.0,-2.012440E-07
38.0,-2.066000E-07
38.0,-2.032380E-07
38.0,-1.890610E-07
38.0,-1.906260E-07
38.0,-2.041700E-07
38.0,-2.028370E-07
38.2,-2.159180E-07
38.2,-2.012360E-07
38.2,-1.983920E-07
38.2,-2.092610E-07
38.2,-2.101400E-07
38.2,-2.151910E-07
38.2,-2.115070E-07
38.2,-2.207430E-07
38.2,-2.073020E-07
38.2,-2.075240E-07
38.4,-2.385780E-07
38.4,-2.242650E-07
38.4,-2.253190E-07
38.4,-2.150750E-07
38.4,-2.283820E-07
38.4,-2.204960E-07
38.4,-2.222020E-07
38.4,-2.249940E-07
38.4,-2.224540E-07
38.4,-2.306260E-07
38.6,-2.507990E-07
38.6,-2.480100E-07
38.6,-2.402510E-07
38.6,-2.463730E-07
38.6,-2.479040E-07
38.6,-2.404800E-07
38.6,-2.410830E-07
38.6,-2.318720E-07
38.6,-2.538800E-07
38.6,-2.413750E-07
38.8,-2.574080E-07
38.8,-2.693520E-07
38.8,-2.521610E-07
38.8,-2.724700E-07
38.8,-2.671040E-07
38.8,-2.541120E-07
38.8,-2.661000E-07
38.8,-2.523680E-07
38.8,-2.628220E-07
38.8,-2.643900E-07
39.0,-2.905340E-07
39.0,-2.647360E-07
39.0,-2.727030E-07
39.0,-2.862700E-07
39.0,-2.761040E-07
39.0,-2.816710E-07
39.0,-2.856830E-07
39.0,-2.750260E-07
39.0,-2.714980E-07
39.0,-2.785170E-07
39.2,-2.987600E-07
39.2,-2.991380E-07
39.2,-3.006840E-07
39.2,-3.053090E-07
39.2,-3.077000E-07
39.2,-2.970530E-07
39.2,-2.970890E-07
39.2,-2.940820E-07
39.2,-2.950900E-07
39.2,-3.072040E-07
39.4,-2.985520E-07
39.4,-3.232430E-07
39.4,-3.101590E-07
39.4,-3.049080E-07
39.4,-3.249280E-07
39.4,-3.098220E-07
39.4,-2.855250E-07
39.4,-3.065050E-07
39.4,-3.177000E-07
39.4,-3.017080E-07
39.6,-3.346210E-07
39.6,-3.434690E-07
39.6,-3.187290E-07
39.6,-3.297390E-07
39.6,-3.368690E-07
39.6,-3.260020E-07
39.6,-3.383770E-07
39.6,-3.505080E-07
39.6,-3.187880E-07
39.6,-3.194170E-07
39.8,-3.564690E-07
39.8,-3.685310E-07
39.8,-3.737530E-07
39.8,-3.625420E-07
39.8,-3.391880E-07
39.8,-3.624070E-07
39.8,-3.678740E-07
39.8,-3.487300E-07
39.8,-3.573140E-07
39.8,-3.543230E-07
40.0,-3.608260E-07
40.0,-3.749350E-07
40.0,-3.789570E-07
40.0,-3.816780E-07
40.0,-3.858940E-07
40.0,-3.662920E-07
40.0,-3.910470E-07
40.0,-3.767960E-07
40.0,-3.923730E-07
40.0,-3.880330E-07
40.2,-4.116270E-07
40.2,-4.124320E-07
40.2,-4.082400E-07
40.2,-3.949950E-07
40.2,-4.034220E-07
40.2,-4.132250E-07
40.2,-4.086020E-07
40.2,-4.123910E-07
40.2,-4.152950E-07
40.2,-3.916190E-07
40.4,-4.493450E-07
40.4,-4.314120E-07
40.4,-4.291230E-07
40.4,-4.376820E-07
40.4,-4.450130E-07
40.4,-4.397120E-07
40.4,-4.421560E-07
40.4,-4.308800E-07
40.4,-4.268220E-07
40.4,-4.273550E-07
40.6,-4.694530E-07
40.6,-4.814490E-07
40.6,-4.830070E-07
40.6,-4.824800E-07
40.6,-4.782530E-07
40.6,-4.675990E-07
40.6,-4.723150E-07
40.6,-4.847290E-07
40.6,-4.685800E-07
40.6,-4.695110E-07
40.8,-5.252760E-07
40.8,-5.167410E-07
40.8,-5.073330E-07
40.8,-5.360880E-07
40.8,-4.923600E-07
40.8,-5.146840E-07
40.8,-5.280530E-07
40.8,-5.098880E-07
40.8,-5.146470E-07
40.8,-5.036620E-07
41.0,-5.251050E-07
41.0,-5.624010E-07
41.0,-5.676810E-07
41.0,-5.819280E-07
41.0,-5.489690E-07
41.0,-5.482550E-07
41.0,-5.543710E-07
41.0,-5.463770E-07
41.0,-5.624580E-07
41.0,-5.533270E-07
41.2,-5.941220E-07
41.2,-6.000520E-07
41.2,-6.076240E-07
41.2,-6.339880E-07
41.2,-5.957910E-07
41.2,-5.927590E-07
41.2,-6.330600E-07
41.2,-6.183310E-07
41.2,-6.061940E-07
41.2,-6.014430E-07
41.4,-6.871880E-07
41.4,-7.277560E-07
41.4,-6.891830E-07
41.4,-6.856990E-07
41.4,-6.594930E-07
41.4,-6.985720E-07
41.4,-6.717680E-07
41.4,-6.453630E-07
41.4,-6.677940E-07
41.4,-6.763330E-07
41.6,-7.666720E-07
41.6,-7.675830E-07
41.6,-7.652880E-07
41.6,-7.501020E-07
41.6,-7.582150E-07
41.6,-7.544160E-07
41.6,-7.607660E-07
41.6,-7.308010E-07
41.6,-7.564770E-07
41.6,-7.776450E-07
41.8,-8.872040E-07
41.8,-8.741900E-07
41.8,-8.619600E-07
41.8,-8.628940E-07
41.8,-8.709400E-07
41.8,-8.818680E-07
41.8,-8.896200E-07
41.8,-8.779710E-07
41.8,-8.646070E-07
41.8,-8.849910E-07
42.0,-1.026880E-06
42.0,-1.011570E-06
42.0,-9.997400E-07
42.0,-1.021200E-06
42.0,-1.012160E-06
42.0,-1.001620E-06
42.0,-9.954100E-07
42.0,-1.045380E-06
42.0,-9.973700E-07
42.0,-1.006350E-06
