#2024-07-18 18:26:30.166909, Temp:  28.5°C, Humi: 47.6 %
Sourced_voltage,Channel_Current
-1.5,+7.710310E-04
-1.5,+7.710360E-04
-1.5,+7.710430E-04
-1.5,+7.710360E-04
-1.5,+7.710480E-04
-1.5,+7.710360E-04
-1.5,+7.710600E-04
-1.5,+7.710530E-04
-1.5,+7.710520E-04
-1.5,+7.710560E-04
-1.4,+6.899150E-04
-1.4,+6.899260E-04
-1.4,+6.899190E-04
-1.4,+6.899270E-04
-1.4,+6.899180E-04
-1.4,+6.899170E-04
-1.4,+6.899260E-04
-1.4,+6.899160E-04
-1.4,+6.899210E-04
-1.4,+6.899290E-04
-1.3,+6.091070E-04
-1.3,+6.090910E-04
-1.3,+6.091090E-04
-1.3,+6.091030E-04
-1.3,+6.091040E-04
-1.3,+6.090970E-04
-1.3,+6.091070E-04
-1.3,+6.091110E-04
-1.3,+6.091010E-04
-1.3,+6.091000E-04
-1.2,+5.287250E-04
-1.2,+5.287180E-04
-1.2,+5.287220E-04
-1.2,+5.287220E-04
-1.2,+5.287340E-04
-1.2,+5.287260E-04
-1.2,+5.287320E-04
-1.2,+5.287220E-04
-1.2,+5.287230E-04
-1.2,+5.287140E-04
-1.1,+4.488950E-04
-1.1,+4.489010E-04
-1.1,+4.489070E-04
-1.1,+4.488820E-04
-1.1,+4.489060E-04
-1.1,+4.488860E-04
-1.1,+4.489050E-04
-1.1,+4.488950E-04
-1.1,+4.489020E-04
-1.1,+4.489010E-04
-1.0,+3.698190E-04
-1.0,+3.698020E-04
-1.0,+3.698180E-04
-1.0,+3.698140E-04
-1.0,+3.698330E-04
-1.0,+3.698090E-04
-1.0,+3.698180E-04
-1.0,+3.698160E-04
-1.0,+3.698180E-04
-1.0,+3.698110E-04
-0.8999999999999999,+2.917900E-04
-0.8999999999999999,+2.918020E-04
-0.8999999999999999,+2.917920E-04
-0.8999999999999999,+2.917900E-04
-0.8999999999999999,+2.917980E-04
-0.8999999999999999,+2.917980E-04
-0.8999999999999999,+2.918020E-04
-0.8999999999999999,+2.917950E-04
-0.8999999999999999,+2.918030E-04
-0.8999999999999999,+2.917960E-04
-0.7999999999999999,+2.154450E-04
-0.7999999999999999,+2.154300E-04
-0.7999999999999999,+2.154420E-04
-0.7999999999999999,+2.154490E-04
-0.7999999999999999,+2.154280E-04
-0.7999999999999999,+2.154470E-04
-0.7999999999999999,+2.154370E-04
-0.7999999999999999,+2.154330E-04
-0.7999999999999999,+2.154230E-04
-0.7999999999999999,+2.154440E-04
-0.7,+1.419270E-04
-0.7,+1.419170E-04
-0.7,+1.419220E-04
-0.7,+1.419150E-04
-0.7,+1.419200E-04
-0.7,+1.419140E-04
-0.7,+1.419210E-04
-0.7,+1.419170E-04
-0.7,+1.419250E-04
-0.7,+1.419110E-04
-0.6,+7.406970E-05
-0.6,+7.415490E-05
-0.6,+7.416210E-05
-0.6,+7.416100E-05
-0.6,+7.415580E-05
-0.6,+7.416110E-05
-0.6,+7.414970E-05
-0.6,+7.415970E-05
-0.6,+7.415720E-05
-0.6,+7.415940E-05
-0.5,+2.141150E-05
-0.5,+2.141670E-05
-0.5,+2.141830E-05
-0.5,+2.141210E-05
-0.5,+2.142170E-05
-0.5,+2.141480E-05
-0.5,+2.141600E-05
-0.5,+2.140820E-05
-0.5,+2.141800E-05
-0.5,+2.141640E-05
-0.3999999999999999,+1.934040E-06
-0.3999999999999999,+1.933040E-06
-0.3999999999999999,+1.933130E-06
-0.3999999999999999,+1.933540E-06
-0.3999999999999999,+1.933480E-06
-0.3999999999999999,+1.933800E-06
-0.3999999999999999,+1.933270E-06
-0.3999999999999999,+1.933350E-06
-0.3999999999999999,+1.932920E-06
-0.3999999999999999,+1.933360E-06
-0.2999999999999998,+1.230130E-07
-0.2999999999999998,+1.216650E-07
-0.2999999999999998,+1.219170E-07
-0.2999999999999998,+1.215780E-07
-0.2999999999999998,+1.219640E-07
-0.2999999999999998,+1.216370E-07
-0.2999999999999998,+1.219600E-07
-0.2999999999999998,+1.217640E-07
-0.2999999999999998,+1.217870E-07
-0.2999999999999998,+1.219470E-07
-0.19999999999999996,+6.757000E-09
-0.19999999999999996,+6.986000E-09
-0.19999999999999996,+6.802000E-09
-0.19999999999999996,+7.054000E-09
-0.19999999999999996,+6.704000E-09
-0.19999999999999996,+7.002000E-09
-0.19999999999999996,+6.746000E-09
-0.19999999999999996,+6.877000E-09
-0.19999999999999996,+6.781000E-09
-0.19999999999999996,+6.732000E-09
-0.09999999999999987,+4.140000E-10
-0.09999999999999987,+3.590000E-10
-0.09999999999999987,+3.440000E-10
-0.09999999999999987,+4.100000E-10
-0.09999999999999987,+2.940000E-10
-0.09999999999999987,+4.450000E-10
-0.09999999999999987,+3.690000E-10
-0.09999999999999987,+3.360000E-10
-0.09999999999999987,+5.040000E-10
-0.09999999999999987,+2.170000E-10
0.0,+1.580000E-10
0.0,-1.410000E-10
0.0,+1.080000E-10
0.0,-1.260000E-10
0.0,+3.600000E-11
0.0,+6.800000E-11
0.0,+4.300000E-11
0.0,+1.300000E-11
0.0,+5.000000E-11
0.0,-5.100000E-11
0.0,-1.470000E-10
0.0,+1.630000E-10
0.0,-1.240000E-10
0.0,+1.380000E-10
0.0,-2.100000E-11
0.0,+4.600000E-11
0.0,+1.490000E-10
0.0,-6.000000E-11
0.0,+4.600000E-11
0.0,-1.410000E-10
2.0,-6.100000E-10
2.0,-4.410000E-10
2.0,-6.030000E-10
2.0,-5.620000E-10
2.0,-4.670000E-10
2.0,-6.290000E-10
2.0,-3.740000E-10
2.0,-5.860000E-10
2.0,-3.770000E-10
2.0,-5.730000E-10
4.0,-1.429000E-09
4.0,-1.141000E-09
4.0,-1.406000E-09
4.0,-1.153000E-09
4.0,-1.318000E-09
4.0,-1.272000E-09
4.0,-1.191000E-09
4.0,-1.330000E-09
4.0,-1.076000E-09
4.0,-1.393000E-09
6.0,-2.130000E-09
6.0,-1.772000E-09
6.0,-2.061000E-09
6.0,-1.776000E-09
6.0,-2.065000E-09
6.0,-1.829000E-09
6.0,-2.073000E-09
6.0,-1.817000E-09
6.0,-2.005000E-09
6.0,-1.851000E-09
8.0,-2.771000E-09
8.0,-2.582000E-09
8.0,-2.726000E-09
8.0,-2.499000E-09
8.0,-2.762000E-09
8.0,-2.446000E-09
8.0,-2.739000E-09
8.0,-2.444000E-09
8.0,-2.695000E-09
8.0,-2.444000E-09
10.0,-3.046000E-09
10.0,-3.179000E-09
10.0,-2.952000E-09
10.0,-3.229000E-09
10.0,-2.926000E-09
10.0,-3.245000E-09
10.0,-2.929000E-09
10.0,-3.200000E-09
10.0,-3.034000E-09
10.0,-3.063000E-09
12.0,-3.471000E-09
12.0,-3.452000E-09
12.0,-3.540000E-09
12.0,-3.376000E-09
12.0,-3.588000E-09
12.0,-3.414000E-09
12.0,-3.508000E-09
12.0,-3.533000E-09
12.0,-3.392000E-09
12.0,-3.598000E-09
14.0,-3.762000E-09
14.0,-4.101000E-09
14.0,-3.750000E-09
14.0,-4.054000E-09
14.0,-3.772000E-09
14.0,-4.051000E-09
14.0,-3.750000E-09
14.0,-4.068000E-09
14.0,-3.729000E-09
14.0,-4.022000E-09
16.0,-4.449000E-09
16.0,-4.150000E-09
16.0,-4.444000E-09
16.0,-4.106000E-09
16.0,-4.372000E-09
16.0,-4.162000E-09
16.0,-4.275000E-09
16.0,-4.228000E-09
16.0,-4.299000E-09
16.0,-4.148000E-09
18.0,-4.581000E-09
18.0,-4.683000E-09
18.0,-4.572000E-09
18.0,-4.660000E-09
18.0,-4.684000E-09
18.0,-4.542000E-09
18.0,-4.727000E-09
18.0,-4.444000E-09
18.0,-4.718000E-09
18.0,-4.405000E-09
20.0,-4.990000E-09
20.0,-4.854000E-09
20.0,-4.909000E-09
20.0,-4.762000E-09
20.0,-5.033000E-09
20.0,-4.735000E-09
20.0,-4.990000E-09
20.0,-4.800000E-09
20.0,-4.810000E-09
20.0,-4.924000E-09
22.0,-5.424000E-09
22.0,-5.080000E-09
22.0,-5.477000E-09
22.0,-5.116000E-09
22.0,-5.331000E-09
22.0,-5.065000E-09
22.0,-5.249000E-09
22.0,-5.028000E-09
22.0,-5.230000E-09
22.0,-5.184000E-09
24.0,-5.648000E-09
24.0,-5.560000E-09
24.0,-5.604000E-09
24.0,-5.618000E-09
24.0,-5.462000E-09
24.0,-5.481000E-09
24.0,-5.433000E-09
24.0,-5.695000E-09
24.0,-5.421000E-09
24.0,-5.621000E-09
26.0,-5.883000E-09
26.0,-5.919000E-09
26.0,-6.032000E-09
26.0,-5.772000E-09
26.0,-6.034000E-09
26.0,-5.660000E-09
26.0,-5.853000E-09
26.0,-5.850000E-09
26.0,-5.819000E-09
26.0,-5.804000E-09
28.0,-6.138000E-09
28.0,-6.255000E-09
28.0,-6.119000E-09
28.0,-6.234000E-09
28.0,-6.061000E-09
28.0,-6.119000E-09
28.0,-6.351000E-09
28.0,-5.965000E-09
28.0,-6.291000E-09
28.0,-6.015000E-09
30.0,-6.353000E-09
30.0,-6.649000E-09
30.0,-6.359000E-09
30.0,-6.473000E-09
30.0,-6.315000E-09
30.0,-6.500000E-09
30.0,-6.138000E-09
30.0,-6.395000E-09
30.0,-6.527000E-09
30.0,-6.315000E-09
32.0,-6.820000E-09
32.0,-6.732000E-09
32.0,-6.735000E-09
32.0,-6.689000E-09
32.0,-6.631000E-09
32.0,-6.712000E-09
32.0,-6.699000E-09
32.0,-6.848000E-09
32.0,-6.577000E-09
32.0,-6.744000E-09
34.0,-7.195000E-09
34.0,-6.861000E-09
34.0,-7.017000E-09
34.0,-7.271000E-09
34.0,-6.883000E-09
34.0,-6.996000E-09
34.0,-6.823000E-09
34.0,-6.969000E-09
34.0,-6.785000E-09
34.0,-7.170000E-09
36.0,-7.316000E-09
36.0,-7.366000E-09
36.0,-7.427000E-09
36.0,-7.471000E-09
36.0,-7.340000E-09
36.0,-7.328000E-09
36.0,-7.283000E-09
36.0,-7.295000E-09
36.0,-7.473000E-09
36.0,-7.286000E-09
36.0,-7.368000E-09
36.0,-7.215000E-09
36.0,-7.306000E-09
36.0,-7.271000E-09
36.0,-7.410000E-09
36.0,-7.177000E-09
36.0,-7.412000E-09
36.0,-7.304000E-09
36.0,-7.383000E-09
36.0,-7.120000E-09
36.2,-7.248000E-09
36.2,-7.385000E-09
36.2,-7.244000E-09
36.2,-7.397000E-09
36.2,-7.158000E-09
36.2,-7.648000E-09
36.2,-7.164000E-09
36.2,-7.420000E-09
36.2,-7.165000E-09
36.2,-7.067000E-09
36.4,-7.494000E-09
36.4,-7.104000E-09
36.4,-7.388000E-09
36.4,-7.089000E-09
36.4,-7.441000E-09
36.4,-7.022000E-09
36.4,-7.308000E-09
36.4,-7.051000E-09
36.4,-7.250000E-09
36.4,-7.335000E-09
36.6,-7.196000E-09
36.6,-7.372000E-09
36.6,-7.377000E-09
36.6,-7.169000E-09
36.6,-7.473000E-09
36.6,-7.130000E-09
36.6,-7.643000E-09
36.6,-7.239000E-09
36.6,-7.468000E-09
36.6,-7.265000E-09
36.8,-7.457000E-09
36.8,-7.568000E-09
36.8,-7.446000E-09
36.8,-7.568000E-09
36.8,-7.255000E-09
36.8,-7.568000E-09
36.8,-7.271000E-09
36.8,-7.475000E-09
36.8,-7.246000E-09
36.8,-7.553000E-09
37.0,-7.465000E-09
37.0,-7.553000E-09
37.0,-7.364000E-09
37.0,-7.684000E-09
37.0,-7.375000E-09
37.0,-7.651000E-09
37.0,-7.549000E-09
37.0,-7.379000E-09
37.0,-7.570000E-09
37.0,-7.356000E-09
37.2,-7.645000E-09
37.2,-7.437000E-09
37.2,-7.606000E-09
37.2,-7.326000E-09
37.2,-7.679000E-09
37.2,-7.315000E-09
37.2,-7.585000E-09
37.2,-7.419000E-09
37.2,-7.620000E-09
37.2,-7.473000E-09
37.4,-7.784000E-09
37.4,-7.645000E-09
37.4,-7.781000E-09
37.4,-7.568000E-09
37.4,-7.572000E-09
37.4,-7.702000E-09
37.4,-7.443000E-09
37.4,-7.727000E-09
37.4,-7.592000E-09
37.4,-7.602000E-09
37.6,-7.612000E-09
37.6,-7.775000E-09
37.6,-7.920000E-09
37.6,-7.610000E-09
37.6,-8.015000E-09
37.6,-7.864000E-09
37.6,-7.669000E-09
37.6,-7.939000E-09
37.6,-7.650000E-09
37.6,-7.952000E-09
37.8,-8.039000E-09
37.8,-8.133000E-09
37.8,-8.079000E-09
37.8,-8.229000E-09
37.8,-8.192000E-09
37.8,-8.089000E-09
37.8,-8.308000E-09
37.8,-7.957000E-09
37.8,-8.360000E-09
37.8,-7.786000E-09
38.0,-9.088000E-09
38.0,-8.981000E-09
38.0,-9.021000E-09
38.0,-8.989000E-09
38.0,-8.884000E-09
38.0,-9.017000E-09
38.0,-8.773000E-09
38.0,-9.173000E-09
38.0,-8.875000E-09
38.0,-9.147000E-09
38.2,-2.267700E-08
38.2,-2.321400E-08
38.2,-2.260100E-08
38.2,-2.285600E-08
38.2,-2.282600E-08
38.2,-2.236000E-08
38.2,-2.266000E-08
38.2,-2.301900E-08
38.2,-2.287200E-08
38.2,-2.235700E-08
38.4,-3.564150E-07
38.4,-3.580760E-07
38.4,-3.496050E-07
38.4,-3.571360E-07
38.4,-3.505530E-07
38.4,-3.530520E-07
38.4,-3.604880E-07
38.4,-3.534660E-07
38.4,-3.529300E-07
38.4,-3.547190E-07
38.6,-1.255950E-06
38.6,-1.258920E-06
38.6,-1.264000E-06
38.6,-1.258650E-06
38.6,-1.266220E-06
38.6,-1.251550E-06
38.6,-1.255740E-06
38.6,-1.251580E-06
38.6,-1.250370E-06
38.6,-1.264240E-06
38.8,-2.695570E-06
38.8,-2.685220E-06
38.8,-2.683200E-06
38.8,-2.677180E-06
38.8,-2.673870E-06
38.8,-2.688240E-06
38.8,-2.709440E-06
38.8,-2.674570E-06
38.8,-2.681190E-06
38.8,-2.670220E-06
39.0,-4.589050E-06
39.0,-4.604810E-06
39.0,-4.586130E-06
39.0,-4.617840E-06
39.0,-4.611710E-06
39.0,-4.588110E-06
39.0,-4.598240E-06
39.0,-4.586480E-06
39.0,-4.613020E-06
39.0,-4.584550E-06
39.2,-6.959870E-06
39.2,-7.026790E-06
39.2,-7.007360E-06
39.2,-6.949000E-06
39.2,-7.050650E-06
39.2,-7.000070E-06
39.2,-6.995960E-06
39.2,-6.997890E-06
39.2,-7.025980E-06
39.2,-6.991740E-06
39.4,-9.922500E-06
39.4,-9.854900E-06
39.4,-9.932500E-06
39.4,-9.843210E-06
39.4,-9.867600E-06
39.4,-9.916700E-06
39.4,-9.863200E-06
39.4,-9.878000E-06
39.4,-9.776100E-06
39.4,-9.850300E-06
39.6,-1.324250E-05
39.6,-1.318940E-05
39.6,-1.319500E-05
39.6,-1.327670E-05
39.6,-1.322940E-05
39.6,-1.325250E-05
39.6,-1.326020E-05
39.6,-1.322140E-05
39.6,-1.325910E-05
39.6,-1.323690E-05
39.8,-1.711430E-05
39.8,-1.705710E-05
39.8,-1.719680E-05
39.8,-1.713310E-05
39.8,-1.713940E-05
39.8,-1.699410E-05
39.8,-1.710870E-05
39.8,-1.707810E-05
39.8,-1.708760E-05
39.8,-1.725250E-05
40.0,-2.153090E-05
40.0,-2.160050E-05
40.0,-2.147660E-05
40.0,-2.147290E-05
40.0,-2.144500E-05
40.0,-2.137400E-05
40.0,-2.156440E-05
40.0,-2.145530E-05
40.0,-2.157470E-05
40.0,-2.155610E-05
40.2,-2.635560E-05
40.2,-2.637950E-05
40.2,-2.641330E-05
40.2,-2.645280E-05
40.2,-2.649310E-05
40.2,-2.635250E-05
40.2,-2.663890E-05
40.2,-2.640350E-05
40.2,-2.648310E-05
40.2,-2.657850E-05
40.4,-3.186200E-05
40.4,-3.202280E-05
40.4,-3.144870E-05
40.4,-3.181270E-05
40.4,-3.175730E-05
40.4,-3.176770E-05
40.4,-3.179150E-05
40.4,-3.193250E-05
40.4,-3.188440E-05
40.4,-3.188220E-05
40.6,-3.804670E-05
40.6,-3.798420E-05
40.6,-3.792120E-05
40.6,-3.773990E-05
40.6,-3.779140E-05
40.6,-3.769360E-05
40.6,-3.777530E-05
40.6,-3.788930E-05
40.6,-3.769970E-05
40.6,-3.748440E-05
40.8,-4.459220E-05
40.8,-4.430620E-05
40.8,-4.440400E-05
40.8,-4.442910E-05
40.8,-4.460190E-05
40.8,-4.453490E-05
40.8,-4.453140E-05
40.8,-4.460950E-05
40.8,-4.445390E-05
40.8,-4.427030E-05
41.0,-5.200730E-05
41.0,-5.155400E-05
41.0,-5.154850E-05
41.0,-5.162870E-05
41.0,-5.171840E-05
41.0,-5.168530E-05
41.0,-5.170560E-05
41.0,-5.183670E-05
41.0,-5.185210E-05
41.0,-5.166590E-05
41.2,-5.992110E-05
41.2,-5.972050E-05
41.2,-5.984990E-05
41.2,-5.941390E-05
41.2,-5.959550E-05
41.2,-5.956060E-05
41.2,-5.937560E-05
41.2,-5.950840E-05
41.2,-5.968120E-05
41.2,-5.955940E-05
41.4,-6.831100E-05
41.4,-6.821890E-05
41.4,-6.831070E-05
41.4,-6.838270E-05
41.4,-6.841340E-05
41.4,-6.836840E-05
41.4,-6.799670E-05
41.4,-6.791420E-05
41.4,-6.796130E-05
41.4,-6.826250E-05
41.6,-7.761340E-05
41.6,-7.668420E-05
41.6,-7.690460E-05
41.6,-7.690850E-05
41.6,-7.687140E-05
41.6,-7.695560E-05
41.6,-7.731380E-05
41.6,-7.712070E-05
41.6,-7.732990E-05
41.6,-7.725590E-05
41.8,-8.780030E-05
41.8,-8.753340E-05
41.8,-8.862630E-05
41.8,-8.770810E-05
41.8,-8.744540E-05
41.8,-8.723680E-05
41.8,-8.791190E-05
41.8,-8.807210E-05
41.8,-8.799890E-05
41.8,-8.833650E-05
42.0,-9.772670E-05
42.0,-9.721600E-05
42.0,-9.713400E-05
42.0,-9.730400E-05
42.0,-9.747700E-05
42.0,-9.745500E-05
42.0,-9.778300E-05
42.0,-9.797100E-05
42.0,-9.756600E-05
42.0,-9.807200E-05
